450
MASS 0.0 0.0 0.0 5 5 5 1.0 0 0 0 0.3
MASS 0.0 0.0 50.0 5 5 5 1.0 0 0 0 0.3
MASS 0.0 50.0 0.0 5 5 5 1.0 0 0 0 0.3
MASS 0.0 50.0 50.0 5 5 5 1.0 0 0 0 0.3
MASS 0.0 100.0 0.0 5 5 5 1.0 0 0 0 0.3
MASS 0.0 100.0 50.0 5 5 5 1.0 0 0 0 0.3
MASS 0.0 150.0 0.0 5 5 5 1.0 0 0 0 0.3
MASS 0.0 150.0 50.0 5 5 5 1.0 0 0 0 0.3
MASS 0.0 200.0 0.0 5 5 5 1.0 0 0 0 0.3
MASS 0.0 200.0 50.0 5 5 5 1.0 0 0 0 0.3
MASS 0.0 250.0 0.0 5 5 5 1.0 0 0 0 0.3
MASS 0.0 250.0 50.0 5 5 5 1.0 0 0 0 0.3
MASS 0.0 300.0 0.0 5 5 5 1.0 0 0 0 0.3
MASS 0.0 300.0 50.0 5 5 5 1.0 0 0 0 0.3
MASS 0.0 350.0 0.0 5 5 5 1.0 0 0 0 0.3
MASS 0.0 350.0 50.0 5 5 5 1.0 0 0 0 0.3
MASS 0.0 400.0 0.0 5 5 5 1.0 0 0 0 0.3
MASS 0.0 400.0 50.0 5 5 5 1.0 0 0 0 0.3
MASS 0.0 450.0 0.0 5 5 5 1.0 0 0 0 0.3
MASS 0.0 450.0 50.0 5 5 5 1.0 0 0 0 0.3
MASS 0.0 500.0 0.0 5 5 5 1.0 0 0 0 0.3
MASS 0.0 500.0 50.0 5 5 5 1.0 0 0 0 0.3
MASS 0.0 550.0 0.0 5 5 5 1.0 0 0 0 0.3
MASS 0.0 550.0 50.0 5 5 5 1.0 0 0 0 0.3
MASS 0.0 600.0 0.0 5 5 5 1.0 0 0 0 0.3
MASS 0.0 600.0 50.0 5 5 5 1.0 0 0 0 0.3
MASS 0.0 650.0 0.0 5 5 5 1.0 0 0 0 0.3
MASS 0.0 650.0 50.0 5 5 5 1.0 0 0 0 0.3
MASS 0.0 700.0 0.0 5 5 5 1.0 0 0 0 0.3
MASS 0.0 700.0 50.0 5 5 5 1.0 0 0 0 0.3
MASS 50.0 0.0 0.0 0 0 0 1.0 0 0 0 0.3
MASS 50.0 0.0 50.0 0 0 0 1.0 0 0 0 0.3
MASS 50.0 50.0 0.0 0 0 0 1.0 0 0 0 0.3
MASS 50.0 50.0 50.0 0 0 0 1.0 0 0 0 0.3
MASS 50.0 100.0 0.0 0 0 0 1.0 0 0 0 0.3
MASS 50.0 100.0 50.0 0 0 0 1.0 0 0 0 0.3
MASS 50.0 150.0 0.0 0 0 0 1.0 0 0 0 0.3
MASS 50.0 150.0 50.0 0 0 0 1.0 0 0 0 0.3
MASS 50.0 200.0 0.0 0 0 0 1.0 0 0 0 0.3
MASS 50.0 200.0 50.0 0 0 0 1.0 0 0 0 0.3
MASS 50.0 250.0 0.0 0 0 0 1.0 0 0 0 0.3
MASS 50.0 250.0 50.0 0 0 0 1.0 0 0 0 0.3
MASS 50.0 300.0 0.0 0 0 0 1.0 0 0 0 0.3
MASS 50.0 300.0 50.0 0 0 0 1.0 0 0 0 0.3
MASS 50.0 350.0 0.0 0 0 0 1.0 0 0 0 0.3
MASS 50.0 350.0 50.0 0 0 0 1.0 0 0 0 0.3
MASS 50.0 400.0 0.0 0 0 0 1.0 0 0 0 0.3
MASS 50.0 400.0 50.0 0 0 0 1.0 0 0 0 0.3
MASS 50.0 450.0 0.0 0 0 0 1.0 0 0 0 0.3
MASS 50.0 450.0 50.0 0 0 0 1.0 0 0 0 0.3
MASS 50.0 500.0 0.0 0 0 0 1.0 0 0 0 0.3
MASS 50.0 500.0 50.0 0 0 0 1.0 0 0 0 0.3
MASS 50.0 550.0 0.0 0 0 0 1.0 0 0 0 0.3
MASS 50.0 550.0 50.0 0 0 0 1.0 0 0 0 0.3
MASS 50.0 600.0 0.0 0 0 0 1.0 0 0 0 0.3
MASS 50.0 600.0 50.0 0 0 0 1.0 0 0 0 0.3
MASS 50.0 650.0 0.0 0 0 0 1.0 0 0 0 0.3
MASS 50.0 650.0 50.0 0 0 0 1.0 0 0 0 0.3
MASS 50.0 700.0 0.0 0 0 0 1.0 0 0 0 0.3
MASS 50.0 700.0 50.0 0 0 0 1.0 0 0 0 0.3
MASS 100.0 0.0 0.0 0 0 0 1.0 0 0 0 0.3
MASS 100.0 0.0 50.0 0 0 0 1.0 0 0 0 0.3
MASS 100.0 50.0 0.0 0 0 0 1.0 0 0 0 0.3
MASS 100.0 50.0 50.0 0 0 0 1.0 0 0 0 0.3
MASS 100.0 100.0 0.0 0 0 0 1.0 0 0 0 0.3
MASS 100.0 100.0 50.0 0 0 0 1.0 0 0 0 0.3
MASS 100.0 150.0 0.0 0 0 0 1.0 0 0 0 0.3
MASS 100.0 150.0 50.0 0 0 0 1.0 0 0 0 0.3
MASS 100.0 200.0 0.0 0 0 0 1.0 0 0 0 0.3
MASS 100.0 200.0 50.0 0 0 0 1.0 0 0 0 0.3
MASS 100.0 250.0 0.0 0 0 0 1.0 0 0 0 0.3
MASS 100.0 250.0 50.0 0 0 0 1.0 0 0 0 0.3
MASS 100.0 300.0 0.0 0 0 0 1.0 0 0 0 0.3
MASS 100.0 300.0 50.0 0 0 0 1.0 0 0 0 0.3
MASS 100.0 350.0 0.0 0 0 0 1.0 0 0 0 0.3
MASS 100.0 350.0 50.0 0 0 0 1.0 0 0 0 0.3
MASS 100.0 400.0 0.0 0 0 0 1.0 0 0 0 0.3
MASS 100.0 400.0 50.0 0 0 0 1.0 0 0 0 0.3
MASS 100.0 450.0 0.0 0 0 0 1.0 0 0 0 0.3
MASS 100.0 450.0 50.0 0 0 0 1.0 0 0 0 0.3
MASS 100.0 500.0 0.0 0 0 0 1.0 0 0 0 0.3
MASS 100.0 500.0 50.0 0 0 0 1.0 0 0 0 0.3
MASS 100.0 550.0 0.0 0 0 0 1.0 0 0 0 0.3
MASS 100.0 550.0 50.0 0 0 0 1.0 0 0 0 0.3
MASS 100.0 600.0 0.0 0 0 0 1.0 0 0 0 0.3
MASS 100.0 600.0 50.0 0 0 0 1.0 0 0 0 0.3
MASS 100.0 650.0 0.0 0 0 0 1.0 0 0 0 0.3
MASS 100.0 650.0 50.0 0 0 0 1.0 0 0 0 0.3
MASS 100.0 700.0 0.0 0 0 0 1.0 0 0 0 0.3
MASS 100.0 700.0 50.0 0 0 0 1.0 0 0 0 0.3
MASS 150.0 0.0 0.0 0 0 0 1.0 0 0 0 0.3
MASS 150.0 0.0 50.0 0 0 0 1.0 0 0 0 0.3
MASS 150.0 50.0 0.0 0 0 0 1.0 0 0 0 0.3
MASS 150.0 50.0 50.0 0 0 0 1.0 0 0 0 0.3
MASS 150.0 100.0 0.0 0 0 0 1.0 0 0 0 0.3
MASS 150.0 100.0 50.0 0 0 0 1.0 0 0 0 0.3
MASS 150.0 150.0 0.0 0 0 0 1.0 0 0 0 0.3
MASS 150.0 150.0 50.0 0 0 0 1.0 0 0 0 0.3
MASS 150.0 200.0 0.0 0 0 0 1.0 0 0 0 0.3
MASS 150.0 200.0 50.0 0 0 0 1.0 0 0 0 0.3
MASS 150.0 250.0 0.0 0 0 0 1.0 0 0 0 0.3
MASS 150.0 250.0 50.0 0 0 0 1.0 0 0 0 0.3
MASS 150.0 300.0 0.0 0 0 0 1.0 0 0 0 0.3
MASS 150.0 300.0 50.0 0 0 0 1.0 0 0 0 0.3
MASS 150.0 350.0 0.0 0 0 0 1.0 0 0 0 0.3
MASS 150.0 350.0 50.0 0 0 0 1.0 0 0 0 0.3
MASS 150.0 400.0 0.0 0 0 0 1.0 0 0 0 0.3
MASS 150.0 400.0 50.0 0 0 0 1.0 0 0 0 0.3
MASS 150.0 450.0 0.0 0 0 0 1.0 0 0 0 0.3
MASS 150.0 450.0 50.0 0 0 0 1.0 0 0 0 0.3
MASS 150.0 500.0 0.0 0 0 0 1.0 0 0 0 0.3
MASS 150.0 500.0 50.0 0 0 0 1.0 0 0 0 0.3
MASS 150.0 550.0 0.0 0 0 0 1.0 0 0 0 0.3
MASS 150.0 550.0 50.0 0 0 0 1.0 0 0 0 0.3
MASS 150.0 600.0 0.0 0 0 0 1.0 0 0 0 0.3
MASS 150.0 600.0 50.0 0 0 0 1.0 0 0 0 0.3
MASS 150.0 650.0 0.0 0 0 0 1.0 0 0 0 0.3
MASS 150.0 650.0 50.0 0 0 0 1.0 0 0 0 0.3
MASS 150.0 700.0 0.0 0 0 0 1.0 0 0 0 0.3
MASS 150.0 700.0 50.0 0 0 0 1.0 0 0 0 0.3
MASS 200.0 0.0 0.0 0 0 0 1.0 0 0 0 0.3
MASS 200.0 0.0 50.0 0 0 0 1.0 0 0 0 0.3
MASS 200.0 50.0 0.0 0 0 0 1.0 0 0 0 0.3
MASS 200.0 50.0 50.0 0 0 0 1.0 0 0 0 0.3
MASS 200.0 100.0 0.0 0 0 0 1.0 0 0 0 0.3
MASS 200.0 100.0 50.0 0 0 0 1.0 0 0 0 0.3
MASS 200.0 150.0 0.0 0 0 0 1.0 0 0 0 0.3
MASS 200.0 150.0 50.0 0 0 0 1.0 0 0 0 0.3
MASS 200.0 200.0 0.0 0 0 0 1.0 0 0 0 0.3
MASS 200.0 200.0 50.0 0 0 0 1.0 0 0 0 0.3
MASS 200.0 250.0 0.0 0 0 0 1.0 0 0 0 0.3
MASS 200.0 250.0 50.0 0 0 0 1.0 0 0 0 0.3
MASS 200.0 300.0 0.0 0 0 0 1.0 0 0 0 0.3
MASS 200.0 300.0 50.0 0 0 0 1.0 0 0 0 0.3
MASS 200.0 350.0 0.0 0 0 0 1.0 0 0 0 0.3
MASS 200.0 350.0 50.0 0 0 0 1.0 0 0 0 0.3
MASS 200.0 400.0 0.0 0 0 0 1.0 0 0 0 0.3
MASS 200.0 400.0 50.0 0 0 0 1.0 0 0 0 0.3
MASS 200.0 450.0 0.0 0 0 0 1.0 0 0 0 0.3
MASS 200.0 450.0 50.0 0 0 0 1.0 0 0 0 0.3
MASS 200.0 500.0 0.0 0 0 0 1.0 0 0 0 0.3
MASS 200.0 500.0 50.0 0 0 0 1.0 0 0 0 0.3
MASS 200.0 550.0 0.0 0 0 0 1.0 0 0 0 0.3
MASS 200.0 550.0 50.0 0 0 0 1.0 0 0 0 0.3
MASS 200.0 600.0 0.0 0 0 0 1.0 0 0 0 0.3
MASS 200.0 600.0 50.0 0 0 0 1.0 0 0 0 0.3
MASS 200.0 650.0 0.0 0 0 0 1.0 0 0 0 0.3
MASS 200.0 650.0 50.0 0 0 0 1.0 0 0 0 0.3
MASS 200.0 700.0 0.0 0 0 0 1.0 0 0 0 0.3
MASS 200.0 700.0 50.0 0 0 0 1.0 0 0 0 0.3
MASS 250.0 0.0 0.0 0 0 0 1.0 0 0 0 0.3
MASS 250.0 0.0 50.0 0 0 0 1.0 0 0 0 0.3
MASS 250.0 50.0 0.0 0 0 0 1.0 0 0 0 0.3
MASS 250.0 50.0 50.0 0 0 0 1.0 0 0 0 0.3
MASS 250.0 100.0 0.0 0 0 0 1.0 0 0 0 0.3
MASS 250.0 100.0 50.0 0 0 0 1.0 0 0 0 0.3
MASS 250.0 150.0 0.0 0 0 0 1.0 0 0 0 0.3
MASS 250.0 150.0 50.0 0 0 0 1.0 0 0 0 0.3
MASS 250.0 200.0 0.0 0 0 0 1.0 0 0 0 0.3
MASS 250.0 200.0 50.0 0 0 0 1.0 0 0 0 0.3
MASS 250.0 250.0 0.0 0 0 0 1.0 0 0 0 0.3
MASS 250.0 250.0 50.0 0 0 0 1.0 0 0 0 0.3
MASS 250.0 300.0 0.0 0 0 0 1.0 0 0 0 0.3
MASS 250.0 300.0 50.0 0 0 0 1.0 0 0 0 0.3
MASS 250.0 350.0 0.0 0 0 0 1.0 0 0 0 0.3
MASS 250.0 350.0 50.0 0 0 0 1.0 0 0 0 0.3
MASS 250.0 400.0 0.0 0 0 0 1.0 0 0 0 0.3
MASS 250.0 400.0 50.0 0 0 0 1.0 0 0 0 0.3
MASS 250.0 450.0 0.0 0 0 0 1.0 0 0 0 0.3
MASS 250.0 450.0 50.0 0 0 0 1.0 0 0 0 0.3
MASS 250.0 500.0 0.0 0 0 0 1.0 0 0 0 0.3
MASS 250.0 500.0 50.0 0 0 0 1.0 0 0 0 0.3
MASS 250.0 550.0 0.0 0 0 0 1.0 0 0 0 0.3
MASS 250.0 550.0 50.0 0 0 0 1.0 0 0 0 0.3
MASS 250.0 600.0 0.0 0 0 0 1.0 0 0 0 0.3
MASS 250.0 600.0 50.0 0 0 0 1.0 0 0 0 0.3
MASS 250.0 650.0 0.0 0 0 0 1.0 0 0 0 0.3
MASS 250.0 650.0 50.0 0 0 0 1.0 0 0 0 0.3
MASS 250.0 700.0 0.0 0 0 0 1.0 0 0 0 0.3
MASS 250.0 700.0 50.0 0 0 0 1.0 0 0 0 0.3
MASS 300.0 0.0 0.0 0 0 0 1.0 0 0 0 0.3
MASS 300.0 0.0 50.0 0 0 0 1.0 0 0 0 0.3
MASS 300.0 50.0 0.0 0 0 0 1.0 0 0 0 0.3
MASS 300.0 50.0 50.0 0 0 0 1.0 0 0 0 0.3
MASS 300.0 100.0 0.0 0 0 0 1.0 0 0 0 0.3
MASS 300.0 100.0 50.0 0 0 0 1.0 0 0 0 0.3
MASS 300.0 150.0 0.0 0 0 0 1.0 0 0 0 0.3
MASS 300.0 150.0 50.0 0 0 0 1.0 0 0 0 0.3
MASS 300.0 200.0 0.0 0 0 0 1.0 0 0 0 0.3
MASS 300.0 200.0 50.0 0 0 0 1.0 0 0 0 0.3
MASS 300.0 250.0 0.0 0 0 0 1.0 0 0 0 0.3
MASS 300.0 250.0 50.0 0 0 0 1.0 0 0 0 0.3
MASS 300.0 300.0 0.0 0 0 0 1.0 0 0 0 0.3
MASS 300.0 300.0 50.0 0 0 0 1.0 0 0 0 0.3
MASS 300.0 350.0 0.0 0 0 0 1.0 0 0 0 0.3
MASS 300.0 350.0 50.0 0 0 0 1.0 0 0 0 0.3
MASS 300.0 400.0 0.0 0 0 0 1.0 0 0 0 0.3
MASS 300.0 400.0 50.0 0 0 0 1.0 0 0 0 0.3
MASS 300.0 450.0 0.0 0 0 0 1.0 0 0 0 0.3
MASS 300.0 450.0 50.0 0 0 0 1.0 0 0 0 0.3
MASS 300.0 500.0 0.0 0 0 0 1.0 0 0 0 0.3
MASS 300.0 500.0 50.0 0 0 0 1.0 0 0 0 0.3
MASS 300.0 550.0 0.0 0 0 0 1.0 0 0 0 0.3
MASS 300.0 550.0 50.0 0 0 0 1.0 0 0 0 0.3
MASS 300.0 600.0 0.0 0 0 0 1.0 0 0 0 0.3
MASS 300.0 600.0 50.0 0 0 0 1.0 0 0 0 0.3
MASS 300.0 650.0 0.0 0 0 0 1.0 0 0 0 0.3
MASS 300.0 650.0 50.0 0 0 0 1.0 0 0 0 0.3
MASS 300.0 700.0 0.0 0 0 0 1.0 0 0 0 0.3
MASS 300.0 700.0 50.0 0 0 0 1.0 0 0 0 0.3
MASS 350.0 0.0 0.0 0 0 0 1.0 0 0 0 0.3
MASS 350.0 0.0 50.0 0 0 0 1.0 0 0 0 0.3
MASS 350.0 50.0 0.0 0 0 0 1.0 0 0 0 0.3
MASS 350.0 50.0 50.0 0 0 0 1.0 0 0 0 0.3
MASS 350.0 100.0 0.0 0 0 0 1.0 0 0 0 0.3
MASS 350.0 100.0 50.0 0 0 0 1.0 0 0 0 0.3
MASS 350.0 150.0 0.0 0 0 0 1.0 0 0 0 0.3
MASS 350.0 150.0 50.0 0 0 0 1.0 0 0 0 0.3
MASS 350.0 200.0 0.0 0 0 0 1.0 0 0 0 0.3
MASS 350.0 200.0 50.0 0 0 0 1.0 0 0 0 0.3
MASS 350.0 250.0 0.0 0 0 0 1.0 0 0 0 0.3
MASS 350.0 250.0 50.0 0 0 0 1.0 0 0 0 0.3
MASS 350.0 300.0 0.0 0 0 0 1.0 0 0 0 0.3
MASS 350.0 300.0 50.0 0 0 0 1.0 0 0 0 0.3
MASS 350.0 350.0 0.0 0 0 0 1.0 0 0 0 0.3
MASS 350.0 350.0 50.0 0 0 0 1.0 0 0 0 0.3
MASS 350.0 400.0 0.0 0 0 0 1.0 0 0 0 0.3
MASS 350.0 400.0 50.0 0 0 0 1.0 0 0 0 0.3
MASS 350.0 450.0 0.0 0 0 0 1.0 0 0 0 0.3
MASS 350.0 450.0 50.0 0 0 0 1.0 0 0 0 0.3
MASS 350.0 500.0 0.0 0 0 0 1.0 0 0 0 0.3
MASS 350.0 500.0 50.0 0 0 0 1.0 0 0 0 0.3
MASS 350.0 550.0 0.0 0 0 0 1.0 0 0 0 0.3
MASS 350.0 550.0 50.0 0 0 0 1.0 0 0 0 0.3
MASS 350.0 600.0 0.0 0 0 0 1.0 0 0 0 0.3
MASS 350.0 600.0 50.0 0 0 0 1.0 0 0 0 0.3
MASS 350.0 650.0 0.0 0 0 0 1.0 0 0 0 0.3
MASS 350.0 650.0 50.0 0 0 0 1.0 0 0 0 0.3
MASS 350.0 700.0 0.0 0 0 0 1.0 0 0 0 0.3
MASS 350.0 700.0 50.0 0 0 0 1.0 0 0 0 0.3
MASS 400.0 0.0 0.0 0 0 0 1.0 0 0 0 0.3
MASS 400.0 0.0 50.0 0 0 0 1.0 0 0 0 0.3
MASS 400.0 50.0 0.0 0 0 0 1.0 0 0 0 0.3
MASS 400.0 50.0 50.0 0 0 0 1.0 0 0 0 0.3
MASS 400.0 100.0 0.0 0 0 0 1.0 0 0 0 0.3
MASS 400.0 100.0 50.0 0 0 0 1.0 0 0 0 0.3
MASS 400.0 150.0 0.0 0 0 0 1.0 0 0 0 0.3
MASS 400.0 150.0 50.0 0 0 0 1.0 0 0 0 0.3
MASS 400.0 200.0 0.0 0 0 0 1.0 0 0 0 0.3
MASS 400.0 200.0 50.0 0 0 0 1.0 0 0 0 0.3
MASS 400.0 250.0 0.0 0 0 0 1.0 0 0 0 0.3
MASS 400.0 250.0 50.0 0 0 0 1.0 0 0 0 0.3
MASS 400.0 300.0 0.0 0 0 0 1.0 0 0 0 0.3
MASS 400.0 300.0 50.0 0 0 0 1.0 0 0 0 0.3
MASS 400.0 350.0 0.0 0 0 0 1.0 0 0 0 0.3
MASS 400.0 350.0 50.0 0 0 0 1.0 0 0 0 0.3
MASS 400.0 400.0 0.0 0 0 0 1.0 0 0 0 0.3
MASS 400.0 400.0 50.0 0 0 0 1.0 0 0 0 0.3
MASS 400.0 450.0 0.0 0 0 0 1.0 0 0 0 0.3
MASS 400.0 450.0 50.0 0 0 0 1.0 0 0 0 0.3
MASS 400.0 500.0 0.0 0 0 0 1.0 0 0 0 0.3
MASS 400.0 500.0 50.0 0 0 0 1.0 0 0 0 0.3
MASS 400.0 550.0 0.0 0 0 0 1.0 0 0 0 0.3
MASS 400.0 550.0 50.0 0 0 0 1.0 0 0 0 0.3
MASS 400.0 600.0 0.0 0 0 0 1.0 0 0 0 0.3
MASS 400.0 600.0 50.0 0 0 0 1.0 0 0 0 0.3
MASS 400.0 650.0 0.0 0 0 0 1.0 0 0 0 0.3
MASS 400.0 650.0 50.0 0 0 0 1.0 0 0 0 0.3
MASS 400.0 700.0 0.0 0 0 0 1.0 0 0 0 0.3
MASS 400.0 700.0 50.0 0 0 0 1.0 0 0 0 0.3
MASS 450.0 0.0 0.0 0 0 0 1.0 0 0 0 0.3
MASS 450.0 0.0 50.0 0 0 0 1.0 0 0 0 0.3
MASS 450.0 50.0 0.0 0 0 0 1.0 0 0 0 0.3
MASS 450.0 50.0 50.0 0 0 0 1.0 0 0 0 0.3
MASS 450.0 100.0 0.0 0 0 0 1.0 0 0 0 0.3
MASS 450.0 100.0 50.0 0 0 0 1.0 0 0 0 0.3
MASS 450.0 150.0 0.0 0 0 0 1.0 0 0 0 0.3
MASS 450.0 150.0 50.0 0 0 0 1.0 0 0 0 0.3
MASS 450.0 200.0 0.0 0 0 0 1.0 0 0 0 0.3
MASS 450.0 200.0 50.0 0 0 0 1.0 0 0 0 0.3
MASS 450.0 250.0 0.0 0 0 0 1.0 0 0 0 0.3
MASS 450.0 250.0 50.0 0 0 0 1.0 0 0 0 0.3
MASS 450.0 300.0 0.0 0 0 0 1.0 0 0 0 0.3
MASS 450.0 300.0 50.0 0 0 0 1.0 0 0 0 0.3
MASS 450.0 350.0 0.0 0 0 0 1.0 0 0 0 0.3
MASS 450.0 350.0 50.0 0 0 0 1.0 0 0 0 0.3
MASS 450.0 400.0 0.0 0 0 0 1.0 0 0 0 0.3
MASS 450.0 400.0 50.0 0 0 0 1.0 0 0 0 0.3
MASS 450.0 450.0 0.0 0 0 0 1.0 0 0 0 0.3
MASS 450.0 450.0 50.0 0 0 0 1.0 0 0 0 0.3
MASS 450.0 500.0 0.0 0 0 0 1.0 0 0 0 0.3
MASS 450.0 500.0 50.0 0 0 0 1.0 0 0 0 0.3
MASS 450.0 550.0 0.0 0 0 0 1.0 0 0 0 0.3
MASS 450.0 550.0 50.0 0 0 0 1.0 0 0 0 0.3
MASS 450.0 600.0 0.0 0 0 0 1.0 0 0 0 0.3
MASS 450.0 600.0 50.0 0 0 0 1.0 0 0 0 0.3
MASS 450.0 650.0 0.0 0 0 0 1.0 0 0 0 0.3
MASS 450.0 650.0 50.0 0 0 0 1.0 0 0 0 0.3
MASS 450.0 700.0 0.0 0 0 0 1.0 0 0 0 0.3
MASS 450.0 700.0 50.0 0 0 0 1.0 0 0 0 0.3
MASS 500.0 0.0 0.0 0 0 0 1.0 0 0 0 0.3
MASS 500.0 0.0 50.0 0 0 0 1.0 0 0 0 0.3
MASS 500.0 50.0 0.0 0 0 0 1.0 0 0 0 0.3
MASS 500.0 50.0 50.0 0 0 0 1.0 0 0 0 0.3
MASS 500.0 100.0 0.0 0 0 0 1.0 0 0 0 0.3
MASS 500.0 100.0 50.0 0 0 0 1.0 0 0 0 0.3
MASS 500.0 150.0 0.0 0 0 0 1.0 0 0 0 0.3
MASS 500.0 150.0 50.0 0 0 0 1.0 0 0 0 0.3
MASS 500.0 200.0 0.0 0 0 0 1.0 0 0 0 0.3
MASS 500.0 200.0 50.0 0 0 0 1.0 0 0 0 0.3
MASS 500.0 250.0 0.0 0 0 0 1.0 0 0 0 0.3
MASS 500.0 250.0 50.0 0 0 0 1.0 0 0 0 0.3
MASS 500.0 300.0 0.0 0 0 0 1.0 0 0 0 0.3
MASS 500.0 300.0 50.0 0 0 0 1.0 0 0 0 0.3
MASS 500.0 350.0 0.0 0 0 0 1.0 0 0 0 0.3
MASS 500.0 350.0 50.0 0 0 0 1.0 0 0 0 0.3
MASS 500.0 400.0 0.0 0 0 0 1.0 0 0 0 0.3
MASS 500.0 400.0 50.0 0 0 0 1.0 0 0 0 0.3
MASS 500.0 450.0 0.0 0 0 0 1.0 0 0 0 0.3
MASS 500.0 450.0 50.0 0 0 0 1.0 0 0 0 0.3
MASS 500.0 500.0 0.0 0 0 0 1.0 0 0 0 0.3
MASS 500.0 500.0 50.0 0 0 0 1.0 0 0 0 0.3
MASS 500.0 550.0 0.0 0 0 0 1.0 0 0 0 0.3
MASS 500.0 550.0 50.0 0 0 0 1.0 0 0 0 0.3
MASS 500.0 600.0 0.0 0 0 0 1.0 0 0 0 0.3
MASS 500.0 600.0 50.0 0 0 0 1.0 0 0 0 0.3
MASS 500.0 650.0 0.0 0 0 0 1.0 0 0 0 0.3
MASS 500.0 650.0 50.0 0 0 0 1.0 0 0 0 0.3
MASS 500.0 700.0 0.0 0 0 0 1.0 0 0 0 0.3
MASS 500.0 700.0 50.0 0 0 0 1.0 0 0 0 0.3
MASS 550.0 0.0 0.0 0 0 0 1.0 0 0 0 0.3
MASS 550.0 0.0 50.0 0 0 0 1.0 0 0 0 0.3
MASS 550.0 50.0 0.0 0 0 0 1.0 0 0 0 0.3
MASS 550.0 50.0 50.0 0 0 0 1.0 0 0 0 0.3
MASS 550.0 100.0 0.0 0 0 0 1.0 0 0 0 0.3
MASS 550.0 100.0 50.0 0 0 0 1.0 0 0 0 0.3
MASS 550.0 150.0 0.0 0 0 0 1.0 0 0 0 0.3
MASS 550.0 150.0 50.0 0 0 0 1.0 0 0 0 0.3
MASS 550.0 200.0 0.0 0 0 0 1.0 0 0 0 0.3
MASS 550.0 200.0 50.0 0 0 0 1.0 0 0 0 0.3
MASS 550.0 250.0 0.0 0 0 0 1.0 0 0 0 0.3
MASS 550.0 250.0 50.0 0 0 0 1.0 0 0 0 0.3
MASS 550.0 300.0 0.0 0 0 0 1.0 0 0 0 0.3
MASS 550.0 300.0 50.0 0 0 0 1.0 0 0 0 0.3
MASS 550.0 350.0 0.0 0 0 0 1.0 0 0 0 0.3
MASS 550.0 350.0 50.0 0 0 0 1.0 0 0 0 0.3
MASS 550.0 400.0 0.0 0 0 0 1.0 0 0 0 0.3
MASS 550.0 400.0 50.0 0 0 0 1.0 0 0 0 0.3
MASS 550.0 450.0 0.0 0 0 0 1.0 0 0 0 0.3
MASS 550.0 450.0 50.0 0 0 0 1.0 0 0 0 0.3
MASS 550.0 500.0 0.0 0 0 0 1.0 0 0 0 0.3
MASS 550.0 500.0 50.0 0 0 0 1.0 0 0 0 0.3
MASS 550.0 550.0 0.0 0 0 0 1.0 0 0 0 0.3
MASS 550.0 550.0 50.0 0 0 0 1.0 0 0 0 0.3
MASS 550.0 600.0 0.0 0 0 0 1.0 0 0 0 0.3
MASS 550.0 600.0 50.0 0 0 0 1.0 0 0 0 0.3
MASS 550.0 650.0 0.0 0 0 0 1.0 0 0 0 0.3
MASS 550.0 650.0 50.0 0 0 0 1.0 0 0 0 0.3
MASS 550.0 700.0 0.0 0 0 0 1.0 0 0 0 0.3
MASS 550.0 700.0 50.0 0 0 0 1.0 0 0 0 0.3
MASS 600.0 0.0 0.0 0 0 0 1.0 0 0 0 0.3
MASS 600.0 0.0 50.0 0 0 0 1.0 0 0 0 0.3
MASS 600.0 50.0 0.0 0 0 0 1.0 0 0 0 0.3
MASS 600.0 50.0 50.0 0 0 0 1.0 0 0 0 0.3
MASS 600.0 100.0 0.0 0 0 0 1.0 0 0 0 0.3
MASS 600.0 100.0 50.0 0 0 0 1.0 0 0 0 0.3
MASS 600.0 150.0 0.0 0 0 0 1.0 0 0 0 0.3
MASS 600.0 150.0 50.0 0 0 0 1.0 0 0 0 0.3
MASS 600.0 200.0 0.0 0 0 0 1.0 0 0 0 0.3
MASS 600.0 200.0 50.0 0 0 0 1.0 0 0 0 0.3
MASS 600.0 250.0 0.0 0 0 0 1.0 0 0 0 0.3
MASS 600.0 250.0 50.0 0 0 0 1.0 0 0 0 0.3
MASS 600.0 300.0 0.0 0 0 0 1.0 0 0 0 0.3
MASS 600.0 300.0 50.0 0 0 0 1.0 0 0 0 0.3
MASS 600.0 350.0 0.0 0 0 0 1.0 0 0 0 0.3
MASS 600.0 350.0 50.0 0 0 0 1.0 0 0 0 0.3
MASS 600.0 400.0 0.0 0 0 0 1.0 0 0 0 0.3
MASS 600.0 400.0 50.0 0 0 0 1.0 0 0 0 0.3
MASS 600.0 450.0 0.0 0 0 0 1.0 0 0 0 0.3
MASS 600.0 450.0 50.0 0 0 0 1.0 0 0 0 0.3
MASS 600.0 500.0 0.0 0 0 0 1.0 0 0 0 0.3
MASS 600.0 500.0 50.0 0 0 0 1.0 0 0 0 0.3
MASS 600.0 550.0 0.0 0 0 0 1.0 0 0 0 0.3
MASS 600.0 550.0 50.0 0 0 0 1.0 0 0 0 0.3
MASS 600.0 600.0 0.0 0 0 0 1.0 0 0 0 0.3
MASS 600.0 600.0 50.0 0 0 0 1.0 0 0 0 0.3
MASS 600.0 650.0 0.0 0 0 0 1.0 0 0 0 0.3
MASS 600.0 650.0 50.0 0 0 0 1.0 0 0 0 0.3
MASS 600.0 700.0 0.0 0 0 0 1.0 0 0 0 0.3
MASS 600.0 700.0 50.0 0 0 0 1.0 0 0 0 0.3
MASS 650.0 0.0 0.0 0 0 0 1.0 0 0 0 0.3
MASS 650.0 0.0 50.0 0 0 0 1.0 0 0 0 0.3
MASS 650.0 50.0 0.0 0 0 0 1.0 0 0 0 0.3
MASS 650.0 50.0 50.0 0 0 0 1.0 0 0 0 0.3
MASS 650.0 100.0 0.0 0 0 0 1.0 0 0 0 0.3
MASS 650.0 100.0 50.0 0 0 0 1.0 0 0 0 0.3
MASS 650.0 150.0 0.0 0 0 0 1.0 0 0 0 0.3
MASS 650.0 150.0 50.0 0 0 0 1.0 0 0 0 0.3
MASS 650.0 200.0 0.0 0 0 0 1.0 0 0 0 0.3
MASS 650.0 200.0 50.0 0 0 0 1.0 0 0 0 0.3
MASS 650.0 250.0 0.0 0 0 0 1.0 0 0 0 0.3
MASS 650.0 250.0 50.0 0 0 0 1.0 0 0 0 0.3
MASS 650.0 300.0 0.0 0 0 0 1.0 0 0 0 0.3
MASS 650.0 300.0 50.0 0 0 0 1.0 0 0 0 0.3
MASS 650.0 350.0 0.0 0 0 0 1.0 0 0 0 0.3
MASS 650.0 350.0 50.0 0 0 0 1.0 0 0 0 0.3
MASS 650.0 400.0 0.0 0 0 0 1.0 0 0 0 0.3
MASS 650.0 400.0 50.0 0 0 0 1.0 0 0 0 0.3
MASS 650.0 450.0 0.0 0 0 0 1.0 0 0 0 0.3
MASS 650.0 450.0 50.0 0 0 0 1.0 0 0 0 0.3
MASS 650.0 500.0 0.0 0 0 0 1.0 0 0 0 0.3
MASS 650.0 500.0 50.0 0 0 0 1.0 0 0 0 0.3
MASS 650.0 550.0 0.0 0 0 0 1.0 0 0 0 0.3
MASS 650.0 550.0 50.0 0 0 0 1.0 0 0 0 0.3
MASS 650.0 600.0 0.0 0 0 0 1.0 0 0 0 0.3
MASS 650.0 600.0 50.0 0 0 0 1.0 0 0 0 0.3
MASS 650.0 650.0 0.0 0 0 0 1.0 0 0 0 0.3
MASS 650.0 650.0 50.0 0 0 0 1.0 0 0 0 0.3
MASS 650.0 700.0 0.0 0 0 0 1.0 0 0 0 0.3
MASS 650.0 700.0 50.0 0 0 0 1.0 0 0 0 0.3
MASS 700.0 0.0 0.0 0 0 0 1.0 0 0 0 0.3
MASS 700.0 0.0 50.0 0 0 0 1.0 0 0 0 0.3
MASS 700.0 50.0 0.0 0 0 0 1.0 0 0 0 0.3
MASS 700.0 50.0 50.0 0 0 0 1.0 0 0 0 0.3
MASS 700.0 100.0 0.0 0 0 0 1.0 0 0 0 0.3
MASS 700.0 100.0 50.0 0 0 0 1.0 0 0 0 0.3
MASS 700.0 150.0 0.0 0 0 0 1.0 0 0 0 0.3
MASS 700.0 150.0 50.0 0 0 0 1.0 0 0 0 0.3
MASS 700.0 200.0 0.0 0 0 0 1.0 0 0 0 0.3
MASS 700.0 200.0 50.0 0 0 0 1.0 0 0 0 0.3
MASS 700.0 250.0 0.0 0 0 0 1.0 0 0 0 0.3
MASS 700.0 250.0 50.0 0 0 0 1.0 0 0 0 0.3
MASS 700.0 300.0 0.0 0 0 0 1.0 0 0 0 0.3
MASS 700.0 300.0 50.0 0 0 0 1.0 0 0 0 0.3
MASS 700.0 350.0 0.0 0 0 0 1.0 0 0 0 0.3
MASS 700.0 350.0 50.0 0 0 0 1.0 0 0 0 0.3
MASS 700.0 400.0 0.0 0 0 0 1.0 0 0 0 0.3
MASS 700.0 400.0 50.0 0 0 0 1.0 0 0 0 0.3
MASS 700.0 450.0 0.0 0 0 0 1.0 0 0 0 0.3
MASS 700.0 450.0 50.0 0 0 0 1.0 0 0 0 0.3
MASS 700.0 500.0 0.0 0 0 0 1.0 0 0 0 0.3
MASS 700.0 500.0 50.0 0 0 0 1.0 0 0 0 0.3
MASS 700.0 550.0 0.0 0 0 0 1.0 0 0 0 0.3
MASS 700.0 550.0 50.0 0 0 0 1.0 0 0 0 0.3
MASS 700.0 600.0 0.0 0 0 0 1.0 0 0 0 0.3
MASS 700.0 600.0 50.0 0 0 0 1.0 0 0 0 0.3
MASS 700.0 650.0 0.0 0 0 0 1.0 0 0 0 0.3
MASS 700.0 650.0 50.0 0 0 0 1.0 0 0 0 0.3
MASS 700.0 700.0 0.0 0 0 0 1.0 0 0 0 0.3
MASS 700.0 700.0 50.0 0 0 0 1.0 0 0 0 0.3
SPRING 0 30 50.0 0.5 0.05
SPRING 0 2 50.0 0.5 0.05
SPRING 0 1 50.0 0.5 0.05
SPRING 1 31 50.0 0.5 0.05
SPRING 1 3 50.0 0.5 0.05
SPRING 2 32 50.0 0.5 0.05
SPRING 2 4 50.0 0.5 0.05
SPRING 2 3 50.0 0.5 0.05
SPRING 3 33 50.0 0.5 0.05
SPRING 3 5 50.0 0.5 0.05
SPRING 3 1 50.0 0.5 0.05
SPRING 3 2 50.0 0.5 0.05
SPRING 4 34 50.0 0.5 0.05
SPRING 4 6 50.0 0.5 0.05
SPRING 4 2 50.0 0.5 0.05
SPRING 4 5 50.0 0.5 0.05
SPRING 5 35 50.0 0.5 0.05
SPRING 5 7 50.0 0.5 0.05
SPRING 5 3 50.0 0.5 0.05
SPRING 5 4 50.0 0.5 0.05
SPRING 6 36 50.0 0.5 0.05
SPRING 6 8 50.0 0.5 0.05
SPRING 6 4 50.0 0.5 0.05
SPRING 6 7 50.0 0.5 0.05
SPRING 7 37 50.0 0.5 0.05
SPRING 7 9 50.0 0.5 0.05
SPRING 7 5 50.0 0.5 0.05
SPRING 7 6 50.0 0.5 0.05
SPRING 8 38 50.0 0.5 0.05
SPRING 8 10 50.0 0.5 0.05
SPRING 8 6 50.0 0.5 0.05
SPRING 8 9 50.0 0.5 0.05
SPRING 9 39 50.0 0.5 0.05
SPRING 9 11 50.0 0.5 0.05
SPRING 9 7 50.0 0.5 0.05
SPRING 9 8 50.0 0.5 0.05
SPRING 10 40 50.0 0.5 0.05
SPRING 10 12 50.0 0.5 0.05
SPRING 10 8 50.0 0.5 0.05
SPRING 10 11 50.0 0.5 0.05
SPRING 11 41 50.0 0.5 0.05
SPRING 11 13 50.0 0.5 0.05
SPRING 11 9 50.0 0.5 0.05
SPRING 11 10 50.0 0.5 0.05
SPRING 12 42 50.0 0.5 0.05
SPRING 12 14 50.0 0.5 0.05
SPRING 12 10 50.0 0.5 0.05
SPRING 12 13 50.0 0.5 0.05
SPRING 13 43 50.0 0.5 0.05
SPRING 13 15 50.0 0.5 0.05
SPRING 13 11 50.0 0.5 0.05
SPRING 13 12 50.0 0.5 0.05
SPRING 14 44 50.0 0.5 0.05
SPRING 14 16 50.0 0.5 0.05
SPRING 14 12 50.0 0.5 0.05
SPRING 14 15 50.0 0.5 0.05
SPRING 15 45 50.0 0.5 0.05
SPRING 15 17 50.0 0.5 0.05
SPRING 15 13 50.0 0.5 0.05
SPRING 15 14 50.0 0.5 0.05
SPRING 16 46 50.0 0.5 0.05
SPRING 16 18 50.0 0.5 0.05
SPRING 16 14 50.0 0.5 0.05
SPRING 16 17 50.0 0.5 0.05
SPRING 17 47 50.0 0.5 0.05
SPRING 17 19 50.0 0.5 0.05
SPRING 17 15 50.0 0.5 0.05
SPRING 17 16 50.0 0.5 0.05
SPRING 18 48 50.0 0.5 0.05
SPRING 18 20 50.0 0.5 0.05
SPRING 18 16 50.0 0.5 0.05
SPRING 18 19 50.0 0.5 0.05
SPRING 19 49 50.0 0.5 0.05
SPRING 19 21 50.0 0.5 0.05
SPRING 19 17 50.0 0.5 0.05
SPRING 19 18 50.0 0.5 0.05
SPRING 20 50 50.0 0.5 0.05
SPRING 20 22 50.0 0.5 0.05
SPRING 20 18 50.0 0.5 0.05
SPRING 20 21 50.0 0.5 0.05
SPRING 21 51 50.0 0.5 0.05
SPRING 21 23 50.0 0.5 0.05
SPRING 21 19 50.0 0.5 0.05
SPRING 21 20 50.0 0.5 0.05
SPRING 22 52 50.0 0.5 0.05
SPRING 22 24 50.0 0.5 0.05
SPRING 22 20 50.0 0.5 0.05
SPRING 22 23 50.0 0.5 0.05
SPRING 23 53 50.0 0.5 0.05
SPRING 23 25 50.0 0.5 0.05
SPRING 23 21 50.0 0.5 0.05
SPRING 23 22 50.0 0.5 0.05
SPRING 24 54 50.0 0.5 0.05
SPRING 24 26 50.0 0.5 0.05
SPRING 24 22 50.0 0.5 0.05
SPRING 24 25 50.0 0.5 0.05
SPRING 25 55 50.0 0.5 0.05
SPRING 25 27 50.0 0.5 0.05
SPRING 25 23 50.0 0.5 0.05
SPRING 25 24 50.0 0.5 0.05
SPRING 26 56 50.0 0.5 0.05
SPRING 26 28 50.0 0.5 0.05
SPRING 26 24 50.0 0.5 0.05
SPRING 26 27 50.0 0.5 0.05
SPRING 27 57 50.0 0.5 0.05
SPRING 27 29 50.0 0.5 0.05
SPRING 27 25 50.0 0.5 0.05
SPRING 27 26 50.0 0.5 0.05
SPRING 28 58 50.0 0.5 0.05
SPRING 28 26 50.0 0.5 0.05
SPRING 28 29 50.0 0.5 0.05
SPRING 29 59 50.0 0.5 0.05
SPRING 29 27 50.0 0.5 0.05
SPRING 29 28 50.0 0.5 0.05
SPRING 30 60 50.0 0.5 0.05
SPRING 30 32 50.0 0.5 0.05
SPRING 30 31 50.0 0.5 0.05
SPRING 31 61 50.0 0.5 0.05
SPRING 31 1 50.0 0.5 0.05
SPRING 31 33 50.0 0.5 0.05
SPRING 31 30 50.0 0.5 0.05
SPRING 32 62 50.0 0.5 0.05
SPRING 32 2 50.0 0.5 0.05
SPRING 32 34 50.0 0.5 0.05
SPRING 32 30 50.0 0.5 0.05
SPRING 32 33 50.0 0.5 0.05
SPRING 33 63 50.0 0.5 0.05
SPRING 33 3 50.0 0.5 0.05
SPRING 33 35 50.0 0.5 0.05
SPRING 33 31 50.0 0.5 0.05
SPRING 33 32 50.0 0.5 0.05
SPRING 34 64 50.0 0.5 0.05
SPRING 34 4 50.0 0.5 0.05
SPRING 34 36 50.0 0.5 0.05
SPRING 34 32 50.0 0.5 0.05
SPRING 34 35 50.0 0.5 0.05
SPRING 35 65 50.0 0.5 0.05
SPRING 35 5 50.0 0.5 0.05
SPRING 35 37 50.0 0.5 0.05
SPRING 35 33 50.0 0.5 0.05
SPRING 35 34 50.0 0.5 0.05
SPRING 36 66 50.0 0.5 0.05
SPRING 36 6 50.0 0.5 0.05
SPRING 36 38 50.0 0.5 0.05
SPRING 36 34 50.0 0.5 0.05
SPRING 36 37 50.0 0.5 0.05
SPRING 37 67 50.0 0.5 0.05
SPRING 37 7 50.0 0.5 0.05
SPRING 37 39 50.0 0.5 0.05
SPRING 37 35 50.0 0.5 0.05
SPRING 37 36 50.0 0.5 0.05
SPRING 38 68 50.0 0.5 0.05
SPRING 38 8 50.0 0.5 0.05
SPRING 38 40 50.0 0.5 0.05
SPRING 38 36 50.0 0.5 0.05
SPRING 38 39 50.0 0.5 0.05
SPRING 39 69 50.0 0.5 0.05
SPRING 39 9 50.0 0.5 0.05
SPRING 39 41 50.0 0.5 0.05
SPRING 39 37 50.0 0.5 0.05
SPRING 39 38 50.0 0.5 0.05
SPRING 40 70 50.0 0.5 0.05
SPRING 40 10 50.0 0.5 0.05
SPRING 40 42 50.0 0.5 0.05
SPRING 40 38 50.0 0.5 0.05
SPRING 40 41 50.0 0.5 0.05
SPRING 41 71 50.0 0.5 0.05
SPRING 41 11 50.0 0.5 0.05
SPRING 41 43 50.0 0.5 0.05
SPRING 41 39 50.0 0.5 0.05
SPRING 41 40 50.0 0.5 0.05
SPRING 42 72 50.0 0.5 0.05
SPRING 42 12 50.0 0.5 0.05
SPRING 42 44 50.0 0.5 0.05
SPRING 42 40 50.0 0.5 0.05
SPRING 42 43 50.0 0.5 0.05
SPRING 43 73 50.0 0.5 0.05
SPRING 43 13 50.0 0.5 0.05
SPRING 43 45 50.0 0.5 0.05
SPRING 43 41 50.0 0.5 0.05
SPRING 43 42 50.0 0.5 0.05
SPRING 44 74 50.0 0.5 0.05
SPRING 44 14 50.0 0.5 0.05
SPRING 44 46 50.0 0.5 0.05
SPRING 44 42 50.0 0.5 0.05
SPRING 44 45 50.0 0.5 0.05
SPRING 45 75 50.0 0.5 0.05
SPRING 45 15 50.0 0.5 0.05
SPRING 45 47 50.0 0.5 0.05
SPRING 45 43 50.0 0.5 0.05
SPRING 45 44 50.0 0.5 0.05
SPRING 46 76 50.0 0.5 0.05
SPRING 46 16 50.0 0.5 0.05
SPRING 46 48 50.0 0.5 0.05
SPRING 46 44 50.0 0.5 0.05
SPRING 46 47 50.0 0.5 0.05
SPRING 47 77 50.0 0.5 0.05
SPRING 47 17 50.0 0.5 0.05
SPRING 47 49 50.0 0.5 0.05
SPRING 47 45 50.0 0.5 0.05
SPRING 47 46 50.0 0.5 0.05
SPRING 48 78 50.0 0.5 0.05
SPRING 48 18 50.0 0.5 0.05
SPRING 48 50 50.0 0.5 0.05
SPRING 48 46 50.0 0.5 0.05
SPRING 48 49 50.0 0.5 0.05
SPRING 49 79 50.0 0.5 0.05
SPRING 49 19 50.0 0.5 0.05
SPRING 49 51 50.0 0.5 0.05
SPRING 49 47 50.0 0.5 0.05
SPRING 49 48 50.0 0.5 0.05
SPRING 50 80 50.0 0.5 0.05
SPRING 50 20 50.0 0.5 0.05
SPRING 50 52 50.0 0.5 0.05
SPRING 50 48 50.0 0.5 0.05
SPRING 50 51 50.0 0.5 0.05
SPRING 51 81 50.0 0.5 0.05
SPRING 51 21 50.0 0.5 0.05
SPRING 51 53 50.0 0.5 0.05
SPRING 51 49 50.0 0.5 0.05
SPRING 51 50 50.0 0.5 0.05
SPRING 52 82 50.0 0.5 0.05
SPRING 52 22 50.0 0.5 0.05
SPRING 52 54 50.0 0.5 0.05
SPRING 52 50 50.0 0.5 0.05
SPRING 52 53 50.0 0.5 0.05
SPRING 53 83 50.0 0.5 0.05
SPRING 53 23 50.0 0.5 0.05
SPRING 53 55 50.0 0.5 0.05
SPRING 53 51 50.0 0.5 0.05
SPRING 53 52 50.0 0.5 0.05
SPRING 54 84 50.0 0.5 0.05
SPRING 54 24 50.0 0.5 0.05
SPRING 54 56 50.0 0.5 0.05
SPRING 54 52 50.0 0.5 0.05
SPRING 54 55 50.0 0.5 0.05
SPRING 55 85 50.0 0.5 0.05
SPRING 55 25 50.0 0.5 0.05
SPRING 55 57 50.0 0.5 0.05
SPRING 55 53 50.0 0.5 0.05
SPRING 55 54 50.0 0.5 0.05
SPRING 56 86 50.0 0.5 0.05
SPRING 56 26 50.0 0.5 0.05
SPRING 56 58 50.0 0.5 0.05
SPRING 56 54 50.0 0.5 0.05
SPRING 56 57 50.0 0.5 0.05
SPRING 57 87 50.0 0.5 0.05
SPRING 57 27 50.0 0.5 0.05
SPRING 57 59 50.0 0.5 0.05
SPRING 57 55 50.0 0.5 0.05
SPRING 57 56 50.0 0.5 0.05
SPRING 58 88 50.0 0.5 0.05
SPRING 58 28 50.0 0.5 0.05
SPRING 58 56 50.0 0.5 0.05
SPRING 58 59 50.0 0.5 0.05
SPRING 59 89 50.0 0.5 0.05
SPRING 59 29 50.0 0.5 0.05
SPRING 59 57 50.0 0.5 0.05
SPRING 59 58 50.0 0.5 0.05
SPRING 60 90 50.0 0.5 0.05
SPRING 60 30 50.0 0.5 0.05
SPRING 60 62 50.0 0.5 0.05
SPRING 60 61 50.0 0.5 0.05
SPRING 61 91 50.0 0.5 0.05
SPRING 61 31 50.0 0.5 0.05
SPRING 61 63 50.0 0.5 0.05
SPRING 61 60 50.0 0.5 0.05
SPRING 62 92 50.0 0.5 0.05
SPRING 62 32 50.0 0.5 0.05
SPRING 62 64 50.0 0.5 0.05
SPRING 62 60 50.0 0.5 0.05
SPRING 62 63 50.0 0.5 0.05
SPRING 63 93 50.0 0.5 0.05
SPRING 63 33 50.0 0.5 0.05
SPRING 63 65 50.0 0.5 0.05
SPRING 63 61 50.0 0.5 0.05
SPRING 63 62 50.0 0.5 0.05
SPRING 64 94 50.0 0.5 0.05
SPRING 64 34 50.0 0.5 0.05
SPRING 64 66 50.0 0.5 0.05
SPRING 64 62 50.0 0.5 0.05
SPRING 64 65 50.0 0.5 0.05
SPRING 65 95 50.0 0.5 0.05
SPRING 65 35 50.0 0.5 0.05
SPRING 65 67 50.0 0.5 0.05
SPRING 65 63 50.0 0.5 0.05
SPRING 65 64 50.0 0.5 0.05
SPRING 66 96 50.0 0.5 0.05
SPRING 66 36 50.0 0.5 0.05
SPRING 66 68 50.0 0.5 0.05
SPRING 66 64 50.0 0.5 0.05
SPRING 66 67 50.0 0.5 0.05
SPRING 67 97 50.0 0.5 0.05
SPRING 67 37 50.0 0.5 0.05
SPRING 67 69 50.0 0.5 0.05
SPRING 67 65 50.0 0.5 0.05
SPRING 67 66 50.0 0.5 0.05
SPRING 68 98 50.0 0.5 0.05
SPRING 68 38 50.0 0.5 0.05
SPRING 68 70 50.0 0.5 0.05
SPRING 68 66 50.0 0.5 0.05
SPRING 68 69 50.0 0.5 0.05
SPRING 69 99 50.0 0.5 0.05
SPRING 69 39 50.0 0.5 0.05
SPRING 69 71 50.0 0.5 0.05
SPRING 69 67 50.0 0.5 0.05
SPRING 69 68 50.0 0.5 0.05
SPRING 70 100 50.0 0.5 0.05
SPRING 70 40 50.0 0.5 0.05
SPRING 70 72 50.0 0.5 0.05
SPRING 70 68 50.0 0.5 0.05
SPRING 70 71 50.0 0.5 0.05
SPRING 71 101 50.0 0.5 0.05
SPRING 71 41 50.0 0.5 0.05
SPRING 71 73 50.0 0.5 0.05
SPRING 71 69 50.0 0.5 0.05
SPRING 71 70 50.0 0.5 0.05
SPRING 72 102 50.0 0.5 0.05
SPRING 72 42 50.0 0.5 0.05
SPRING 72 74 50.0 0.5 0.05
SPRING 72 70 50.0 0.5 0.05
SPRING 72 73 50.0 0.5 0.05
SPRING 73 103 50.0 0.5 0.05
SPRING 73 43 50.0 0.5 0.05
SPRING 73 75 50.0 0.5 0.05
SPRING 73 71 50.0 0.5 0.05
SPRING 73 72 50.0 0.5 0.05
SPRING 74 104 50.0 0.5 0.05
SPRING 74 44 50.0 0.5 0.05
SPRING 74 76 50.0 0.5 0.05
SPRING 74 72 50.0 0.5 0.05
SPRING 74 75 50.0 0.5 0.05
SPRING 75 105 50.0 0.5 0.05
SPRING 75 45 50.0 0.5 0.05
SPRING 75 77 50.0 0.5 0.05
SPRING 75 73 50.0 0.5 0.05
SPRING 75 74 50.0 0.5 0.05
SPRING 76 106 50.0 0.5 0.05
SPRING 76 46 50.0 0.5 0.05
SPRING 76 78 50.0 0.5 0.05
SPRING 76 74 50.0 0.5 0.05
SPRING 76 77 50.0 0.5 0.05
SPRING 77 107 50.0 0.5 0.05
SPRING 77 47 50.0 0.5 0.05
SPRING 77 79 50.0 0.5 0.05
SPRING 77 75 50.0 0.5 0.05
SPRING 77 76 50.0 0.5 0.05
SPRING 78 108 50.0 0.5 0.05
SPRING 78 48 50.0 0.5 0.05
SPRING 78 80 50.0 0.5 0.05
SPRING 78 76 50.0 0.5 0.05
SPRING 78 79 50.0 0.5 0.05
SPRING 79 109 50.0 0.5 0.05
SPRING 79 49 50.0 0.5 0.05
SPRING 79 81 50.0 0.5 0.05
SPRING 79 77 50.0 0.5 0.05
SPRING 79 78 50.0 0.5 0.05
SPRING 80 110 50.0 0.5 0.05
SPRING 80 50 50.0 0.5 0.05
SPRING 80 82 50.0 0.5 0.05
SPRING 80 78 50.0 0.5 0.05
SPRING 80 81 50.0 0.5 0.05
SPRING 81 111 50.0 0.5 0.05
SPRING 81 51 50.0 0.5 0.05
SPRING 81 83 50.0 0.5 0.05
SPRING 81 79 50.0 0.5 0.05
SPRING 81 80 50.0 0.5 0.05
SPRING 82 112 50.0 0.5 0.05
SPRING 82 52 50.0 0.5 0.05
SPRING 82 84 50.0 0.5 0.05
SPRING 82 80 50.0 0.5 0.05
SPRING 82 83 50.0 0.5 0.05
SPRING 83 113 50.0 0.5 0.05
SPRING 83 53 50.0 0.5 0.05
SPRING 83 85 50.0 0.5 0.05
SPRING 83 81 50.0 0.5 0.05
SPRING 83 82 50.0 0.5 0.05
SPRING 84 114 50.0 0.5 0.05
SPRING 84 54 50.0 0.5 0.05
SPRING 84 86 50.0 0.5 0.05
SPRING 84 82 50.0 0.5 0.05
SPRING 84 85 50.0 0.5 0.05
SPRING 85 115 50.0 0.5 0.05
SPRING 85 55 50.0 0.5 0.05
SPRING 85 87 50.0 0.5 0.05
SPRING 85 83 50.0 0.5 0.05
SPRING 85 84 50.0 0.5 0.05
SPRING 86 116 50.0 0.5 0.05
SPRING 86 56 50.0 0.5 0.05
SPRING 86 88 50.0 0.5 0.05
SPRING 86 84 50.0 0.5 0.05
SPRING 86 87 50.0 0.5 0.05
SPRING 87 117 50.0 0.5 0.05
SPRING 87 57 50.0 0.5 0.05
SPRING 87 89 50.0 0.5 0.05
SPRING 87 85 50.0 0.5 0.05
SPRING 87 86 50.0 0.5 0.05
SPRING 88 118 50.0 0.5 0.05
SPRING 88 58 50.0 0.5 0.05
SPRING 88 86 50.0 0.5 0.05
SPRING 88 89 50.0 0.5 0.05
SPRING 89 119 50.0 0.5 0.05
SPRING 89 59 50.0 0.5 0.05
SPRING 89 87 50.0 0.5 0.05
SPRING 89 88 50.0 0.5 0.05
SPRING 90 120 50.0 0.5 0.05
SPRING 90 60 50.0 0.5 0.05
SPRING 90 92 50.0 0.5 0.05
SPRING 90 91 50.0 0.5 0.05
SPRING 91 121 50.0 0.5 0.05
SPRING 91 61 50.0 0.5 0.05
SPRING 91 93 50.0 0.5 0.05
SPRING 91 90 50.0 0.5 0.05
SPRING 92 122 50.0 0.5 0.05
SPRING 92 62 50.0 0.5 0.05
SPRING 92 94 50.0 0.5 0.05
SPRING 92 90 50.0 0.5 0.05
SPRING 92 93 50.0 0.5 0.05
SPRING 93 123 50.0 0.5 0.05
SPRING 93 63 50.0 0.5 0.05
SPRING 93 95 50.0 0.5 0.05
SPRING 93 91 50.0 0.5 0.05
SPRING 93 92 50.0 0.5 0.05
SPRING 94 124 50.0 0.5 0.05
SPRING 94 64 50.0 0.5 0.05
SPRING 94 96 50.0 0.5 0.05
SPRING 94 92 50.0 0.5 0.05
SPRING 94 95 50.0 0.5 0.05
SPRING 95 125 50.0 0.5 0.05
SPRING 95 65 50.0 0.5 0.05
SPRING 95 97 50.0 0.5 0.05
SPRING 95 93 50.0 0.5 0.05
SPRING 95 94 50.0 0.5 0.05
SPRING 96 126 50.0 0.5 0.05
SPRING 96 66 50.0 0.5 0.05
SPRING 96 98 50.0 0.5 0.05
SPRING 96 94 50.0 0.5 0.05
SPRING 96 97 50.0 0.5 0.05
SPRING 97 127 50.0 0.5 0.05
SPRING 97 67 50.0 0.5 0.05
SPRING 97 99 50.0 0.5 0.05
SPRING 97 95 50.0 0.5 0.05
SPRING 97 96 50.0 0.5 0.05
SPRING 98 128 50.0 0.5 0.05
SPRING 98 68 50.0 0.5 0.05
SPRING 98 100 50.0 0.5 0.05
SPRING 98 96 50.0 0.5 0.05
SPRING 98 99 50.0 0.5 0.05
SPRING 99 129 50.0 0.5 0.05
SPRING 99 69 50.0 0.5 0.05
SPRING 99 101 50.0 0.5 0.05
SPRING 99 97 50.0 0.5 0.05
SPRING 99 98 50.0 0.5 0.05
SPRING 100 130 50.0 0.5 0.05
SPRING 100 70 50.0 0.5 0.05
SPRING 100 102 50.0 0.5 0.05
SPRING 100 98 50.0 0.5 0.05
SPRING 100 101 50.0 0.5 0.05
SPRING 101 131 50.0 0.5 0.05
SPRING 101 71 50.0 0.5 0.05
SPRING 101 103 50.0 0.5 0.05
SPRING 101 99 50.0 0.5 0.05
SPRING 101 100 50.0 0.5 0.05
SPRING 102 132 50.0 0.5 0.05
SPRING 102 72 50.0 0.5 0.05
SPRING 102 104 50.0 0.5 0.05
SPRING 102 100 50.0 0.5 0.05
SPRING 102 103 50.0 0.5 0.05
SPRING 103 133 50.0 0.5 0.05
SPRING 103 73 50.0 0.5 0.05
SPRING 103 105 50.0 0.5 0.05
SPRING 103 101 50.0 0.5 0.05
SPRING 103 102 50.0 0.5 0.05
SPRING 104 134 50.0 0.5 0.05
SPRING 104 74 50.0 0.5 0.05
SPRING 104 106 50.0 0.5 0.05
SPRING 104 102 50.0 0.5 0.05
SPRING 104 105 50.0 0.5 0.05
SPRING 105 135 50.0 0.5 0.05
SPRING 105 75 50.0 0.5 0.05
SPRING 105 107 50.0 0.5 0.05
SPRING 105 103 50.0 0.5 0.05
SPRING 105 104 50.0 0.5 0.05
SPRING 106 136 50.0 0.5 0.05
SPRING 106 76 50.0 0.5 0.05
SPRING 106 108 50.0 0.5 0.05
SPRING 106 104 50.0 0.5 0.05
SPRING 106 107 50.0 0.5 0.05
SPRING 107 137 50.0 0.5 0.05
SPRING 107 77 50.0 0.5 0.05
SPRING 107 109 50.0 0.5 0.05
SPRING 107 105 50.0 0.5 0.05
SPRING 107 106 50.0 0.5 0.05
SPRING 108 138 50.0 0.5 0.05
SPRING 108 78 50.0 0.5 0.05
SPRING 108 110 50.0 0.5 0.05
SPRING 108 106 50.0 0.5 0.05
SPRING 108 109 50.0 0.5 0.05
SPRING 109 139 50.0 0.5 0.05
SPRING 109 79 50.0 0.5 0.05
SPRING 109 111 50.0 0.5 0.05
SPRING 109 107 50.0 0.5 0.05
SPRING 109 108 50.0 0.5 0.05
SPRING 110 140 50.0 0.5 0.05
SPRING 110 80 50.0 0.5 0.05
SPRING 110 112 50.0 0.5 0.05
SPRING 110 108 50.0 0.5 0.05
SPRING 110 111 50.0 0.5 0.05
SPRING 111 141 50.0 0.5 0.05
SPRING 111 81 50.0 0.5 0.05
SPRING 111 113 50.0 0.5 0.05
SPRING 111 109 50.0 0.5 0.05
SPRING 111 110 50.0 0.5 0.05
SPRING 112 142 50.0 0.5 0.05
SPRING 112 82 50.0 0.5 0.05
SPRING 112 114 50.0 0.5 0.05
SPRING 112 110 50.0 0.5 0.05
SPRING 112 113 50.0 0.5 0.05
SPRING 113 143 50.0 0.5 0.05
SPRING 113 83 50.0 0.5 0.05
SPRING 113 115 50.0 0.5 0.05
SPRING 113 111 50.0 0.5 0.05
SPRING 113 112 50.0 0.5 0.05
SPRING 114 144 50.0 0.5 0.05
SPRING 114 84 50.0 0.5 0.05
SPRING 114 116 50.0 0.5 0.05
SPRING 114 112 50.0 0.5 0.05
SPRING 114 115 50.0 0.5 0.05
SPRING 115 145 50.0 0.5 0.05
SPRING 115 85 50.0 0.5 0.05
SPRING 115 117 50.0 0.5 0.05
SPRING 115 113 50.0 0.5 0.05
SPRING 115 114 50.0 0.5 0.05
SPRING 116 146 50.0 0.5 0.05
SPRING 116 86 50.0 0.5 0.05
SPRING 116 118 50.0 0.5 0.05
SPRING 116 114 50.0 0.5 0.05
SPRING 116 117 50.0 0.5 0.05
SPRING 117 147 50.0 0.5 0.05
SPRING 117 87 50.0 0.5 0.05
SPRING 117 119 50.0 0.5 0.05
SPRING 117 115 50.0 0.5 0.05
SPRING 117 116 50.0 0.5 0.05
SPRING 118 148 50.0 0.5 0.05
SPRING 118 88 50.0 0.5 0.05
SPRING 118 116 50.0 0.5 0.05
SPRING 118 119 50.0 0.5 0.05
SPRING 119 149 50.0 0.5 0.05
SPRING 119 89 50.0 0.5 0.05
SPRING 119 117 50.0 0.5 0.05
SPRING 119 118 50.0 0.5 0.05
SPRING 120 150 50.0 0.5 0.05
SPRING 120 90 50.0 0.5 0.05
SPRING 120 122 50.0 0.5 0.05
SPRING 120 121 50.0 0.5 0.05
SPRING 121 151 50.0 0.5 0.05
SPRING 121 91 50.0 0.5 0.05
SPRING 121 123 50.0 0.5 0.05
SPRING 121 120 50.0 0.5 0.05
SPRING 122 152 50.0 0.5 0.05
SPRING 122 92 50.0 0.5 0.05
SPRING 122 124 50.0 0.5 0.05
SPRING 122 120 50.0 0.5 0.05
SPRING 122 123 50.0 0.5 0.05
SPRING 123 153 50.0 0.5 0.05
SPRING 123 93 50.0 0.5 0.05
SPRING 123 125 50.0 0.5 0.05
SPRING 123 121 50.0 0.5 0.05
SPRING 123 122 50.0 0.5 0.05
SPRING 124 154 50.0 0.5 0.05
SPRING 124 94 50.0 0.5 0.05
SPRING 124 126 50.0 0.5 0.05
SPRING 124 122 50.0 0.5 0.05
SPRING 124 125 50.0 0.5 0.05
SPRING 125 155 50.0 0.5 0.05
SPRING 125 95 50.0 0.5 0.05
SPRING 125 127 50.0 0.5 0.05
SPRING 125 123 50.0 0.5 0.05
SPRING 125 124 50.0 0.5 0.05
SPRING 126 156 50.0 0.5 0.05
SPRING 126 96 50.0 0.5 0.05
SPRING 126 128 50.0 0.5 0.05
SPRING 126 124 50.0 0.5 0.05
SPRING 126 127 50.0 0.5 0.05
SPRING 127 157 50.0 0.5 0.05
SPRING 127 97 50.0 0.5 0.05
SPRING 127 129 50.0 0.5 0.05
SPRING 127 125 50.0 0.5 0.05
SPRING 127 126 50.0 0.5 0.05
SPRING 128 158 50.0 0.5 0.05
SPRING 128 98 50.0 0.5 0.05
SPRING 128 130 50.0 0.5 0.05
SPRING 128 126 50.0 0.5 0.05
SPRING 128 129 50.0 0.5 0.05
SPRING 129 159 50.0 0.5 0.05
SPRING 129 99 50.0 0.5 0.05
SPRING 129 131 50.0 0.5 0.05
SPRING 129 127 50.0 0.5 0.05
SPRING 129 128 50.0 0.5 0.05
SPRING 130 160 50.0 0.5 0.05
SPRING 130 100 50.0 0.5 0.05
SPRING 130 132 50.0 0.5 0.05
SPRING 130 128 50.0 0.5 0.05
SPRING 130 131 50.0 0.5 0.05
SPRING 131 161 50.0 0.5 0.05
SPRING 131 101 50.0 0.5 0.05
SPRING 131 133 50.0 0.5 0.05
SPRING 131 129 50.0 0.5 0.05
SPRING 131 130 50.0 0.5 0.05
SPRING 132 162 50.0 0.5 0.05
SPRING 132 102 50.0 0.5 0.05
SPRING 132 134 50.0 0.5 0.05
SPRING 132 130 50.0 0.5 0.05
SPRING 132 133 50.0 0.5 0.05
SPRING 133 163 50.0 0.5 0.05
SPRING 133 103 50.0 0.5 0.05
SPRING 133 135 50.0 0.5 0.05
SPRING 133 131 50.0 0.5 0.05
SPRING 133 132 50.0 0.5 0.05
SPRING 134 164 50.0 0.5 0.05
SPRING 134 104 50.0 0.5 0.05
SPRING 134 136 50.0 0.5 0.05
SPRING 134 132 50.0 0.5 0.05
SPRING 134 135 50.0 0.5 0.05
SPRING 135 165 50.0 0.5 0.05
SPRING 135 105 50.0 0.5 0.05
SPRING 135 137 50.0 0.5 0.05
SPRING 135 133 50.0 0.5 0.05
SPRING 135 134 50.0 0.5 0.05
SPRING 136 166 50.0 0.5 0.05
SPRING 136 106 50.0 0.5 0.05
SPRING 136 138 50.0 0.5 0.05
SPRING 136 134 50.0 0.5 0.05
SPRING 136 137 50.0 0.5 0.05
SPRING 137 167 50.0 0.5 0.05
SPRING 137 107 50.0 0.5 0.05
SPRING 137 139 50.0 0.5 0.05
SPRING 137 135 50.0 0.5 0.05
SPRING 137 136 50.0 0.5 0.05
SPRING 138 168 50.0 0.5 0.05
SPRING 138 108 50.0 0.5 0.05
SPRING 138 140 50.0 0.5 0.05
SPRING 138 136 50.0 0.5 0.05
SPRING 138 139 50.0 0.5 0.05
SPRING 139 169 50.0 0.5 0.05
SPRING 139 109 50.0 0.5 0.05
SPRING 139 141 50.0 0.5 0.05
SPRING 139 137 50.0 0.5 0.05
SPRING 139 138 50.0 0.5 0.05
SPRING 140 170 50.0 0.5 0.05
SPRING 140 110 50.0 0.5 0.05
SPRING 140 142 50.0 0.5 0.05
SPRING 140 138 50.0 0.5 0.05
SPRING 140 141 50.0 0.5 0.05
SPRING 141 171 50.0 0.5 0.05
SPRING 141 111 50.0 0.5 0.05
SPRING 141 143 50.0 0.5 0.05
SPRING 141 139 50.0 0.5 0.05
SPRING 141 140 50.0 0.5 0.05
SPRING 142 172 50.0 0.5 0.05
SPRING 142 112 50.0 0.5 0.05
SPRING 142 144 50.0 0.5 0.05
SPRING 142 140 50.0 0.5 0.05
SPRING 142 143 50.0 0.5 0.05
SPRING 143 173 50.0 0.5 0.05
SPRING 143 113 50.0 0.5 0.05
SPRING 143 145 50.0 0.5 0.05
SPRING 143 141 50.0 0.5 0.05
SPRING 143 142 50.0 0.5 0.05
SPRING 144 174 50.0 0.5 0.05
SPRING 144 114 50.0 0.5 0.05
SPRING 144 146 50.0 0.5 0.05
SPRING 144 142 50.0 0.5 0.05
SPRING 144 145 50.0 0.5 0.05
SPRING 145 175 50.0 0.5 0.05
SPRING 145 115 50.0 0.5 0.05
SPRING 145 147 50.0 0.5 0.05
SPRING 145 143 50.0 0.5 0.05
SPRING 145 144 50.0 0.5 0.05
SPRING 146 176 50.0 0.5 0.05
SPRING 146 116 50.0 0.5 0.05
SPRING 146 148 50.0 0.5 0.05
SPRING 146 144 50.0 0.5 0.05
SPRING 146 147 50.0 0.5 0.05
SPRING 147 177 50.0 0.5 0.05
SPRING 147 117 50.0 0.5 0.05
SPRING 147 149 50.0 0.5 0.05
SPRING 147 145 50.0 0.5 0.05
SPRING 147 146 50.0 0.5 0.05
SPRING 148 178 50.0 0.5 0.05
SPRING 148 118 50.0 0.5 0.05
SPRING 148 146 50.0 0.5 0.05
SPRING 148 149 50.0 0.5 0.05
SPRING 149 179 50.0 0.5 0.05
SPRING 149 119 50.0 0.5 0.05
SPRING 149 147 50.0 0.5 0.05
SPRING 149 148 50.0 0.5 0.05
SPRING 150 180 50.0 0.5 0.05
SPRING 150 120 50.0 0.5 0.05
SPRING 150 152 50.0 0.5 0.05
SPRING 150 151 50.0 0.5 0.05
SPRING 151 181 50.0 0.5 0.05
SPRING 151 121 50.0 0.5 0.05
SPRING 151 153 50.0 0.5 0.05
SPRING 151 150 50.0 0.5 0.05
SPRING 152 182 50.0 0.5 0.05
SPRING 152 122 50.0 0.5 0.05
SPRING 152 154 50.0 0.5 0.05
SPRING 152 150 50.0 0.5 0.05
SPRING 152 153 50.0 0.5 0.05
SPRING 153 183 50.0 0.5 0.05
SPRING 153 123 50.0 0.5 0.05
SPRING 153 155 50.0 0.5 0.05
SPRING 153 151 50.0 0.5 0.05
SPRING 153 152 50.0 0.5 0.05
SPRING 154 184 50.0 0.5 0.05
SPRING 154 124 50.0 0.5 0.05
SPRING 154 156 50.0 0.5 0.05
SPRING 154 152 50.0 0.5 0.05
SPRING 154 155 50.0 0.5 0.05
SPRING 155 185 50.0 0.5 0.05
SPRING 155 125 50.0 0.5 0.05
SPRING 155 157 50.0 0.5 0.05
SPRING 155 153 50.0 0.5 0.05
SPRING 155 154 50.0 0.5 0.05
SPRING 156 186 50.0 0.5 0.05
SPRING 156 126 50.0 0.5 0.05
SPRING 156 158 50.0 0.5 0.05
SPRING 156 154 50.0 0.5 0.05
SPRING 156 157 50.0 0.5 0.05
SPRING 157 187 50.0 0.5 0.05
SPRING 157 127 50.0 0.5 0.05
SPRING 157 159 50.0 0.5 0.05
SPRING 157 155 50.0 0.5 0.05
SPRING 157 156 50.0 0.5 0.05
SPRING 158 188 50.0 0.5 0.05
SPRING 158 128 50.0 0.5 0.05
SPRING 158 160 50.0 0.5 0.05
SPRING 158 156 50.0 0.5 0.05
SPRING 158 159 50.0 0.5 0.05
SPRING 159 189 50.0 0.5 0.05
SPRING 159 129 50.0 0.5 0.05
SPRING 159 161 50.0 0.5 0.05
SPRING 159 157 50.0 0.5 0.05
SPRING 159 158 50.0 0.5 0.05
SPRING 160 190 50.0 0.5 0.05
SPRING 160 130 50.0 0.5 0.05
SPRING 160 162 50.0 0.5 0.05
SPRING 160 158 50.0 0.5 0.05
SPRING 160 161 50.0 0.5 0.05
SPRING 161 191 50.0 0.5 0.05
SPRING 161 131 50.0 0.5 0.05
SPRING 161 163 50.0 0.5 0.05
SPRING 161 159 50.0 0.5 0.05
SPRING 161 160 50.0 0.5 0.05
SPRING 162 192 50.0 0.5 0.05
SPRING 162 132 50.0 0.5 0.05
SPRING 162 164 50.0 0.5 0.05
SPRING 162 160 50.0 0.5 0.05
SPRING 162 163 50.0 0.5 0.05
SPRING 163 193 50.0 0.5 0.05
SPRING 163 133 50.0 0.5 0.05
SPRING 163 165 50.0 0.5 0.05
SPRING 163 161 50.0 0.5 0.05
SPRING 163 162 50.0 0.5 0.05
SPRING 164 194 50.0 0.5 0.05
SPRING 164 134 50.0 0.5 0.05
SPRING 164 166 50.0 0.5 0.05
SPRING 164 162 50.0 0.5 0.05
SPRING 164 165 50.0 0.5 0.05
SPRING 165 195 50.0 0.5 0.05
SPRING 165 135 50.0 0.5 0.05
SPRING 165 167 50.0 0.5 0.05
SPRING 165 163 50.0 0.5 0.05
SPRING 165 164 50.0 0.5 0.05
SPRING 166 196 50.0 0.5 0.05
SPRING 166 136 50.0 0.5 0.05
SPRING 166 168 50.0 0.5 0.05
SPRING 166 164 50.0 0.5 0.05
SPRING 166 167 50.0 0.5 0.05
SPRING 167 197 50.0 0.5 0.05
SPRING 167 137 50.0 0.5 0.05
SPRING 167 169 50.0 0.5 0.05
SPRING 167 165 50.0 0.5 0.05
SPRING 167 166 50.0 0.5 0.05
SPRING 168 198 50.0 0.5 0.05
SPRING 168 138 50.0 0.5 0.05
SPRING 168 170 50.0 0.5 0.05
SPRING 168 166 50.0 0.5 0.05
SPRING 168 169 50.0 0.5 0.05
SPRING 169 199 50.0 0.5 0.05
SPRING 169 139 50.0 0.5 0.05
SPRING 169 171 50.0 0.5 0.05
SPRING 169 167 50.0 0.5 0.05
SPRING 169 168 50.0 0.5 0.05
SPRING 170 200 50.0 0.5 0.05
SPRING 170 140 50.0 0.5 0.05
SPRING 170 172 50.0 0.5 0.05
SPRING 170 168 50.0 0.5 0.05
SPRING 170 171 50.0 0.5 0.05
SPRING 171 201 50.0 0.5 0.05
SPRING 171 141 50.0 0.5 0.05
SPRING 171 173 50.0 0.5 0.05
SPRING 171 169 50.0 0.5 0.05
SPRING 171 170 50.0 0.5 0.05
SPRING 172 202 50.0 0.5 0.05
SPRING 172 142 50.0 0.5 0.05
SPRING 172 174 50.0 0.5 0.05
SPRING 172 170 50.0 0.5 0.05
SPRING 172 173 50.0 0.5 0.05
SPRING 173 203 50.0 0.5 0.05
SPRING 173 143 50.0 0.5 0.05
SPRING 173 175 50.0 0.5 0.05
SPRING 173 171 50.0 0.5 0.05
SPRING 173 172 50.0 0.5 0.05
SPRING 174 204 50.0 0.5 0.05
SPRING 174 144 50.0 0.5 0.05
SPRING 174 176 50.0 0.5 0.05
SPRING 174 172 50.0 0.5 0.05
SPRING 174 175 50.0 0.5 0.05
SPRING 175 205 50.0 0.5 0.05
SPRING 175 145 50.0 0.5 0.05
SPRING 175 177 50.0 0.5 0.05
SPRING 175 173 50.0 0.5 0.05
SPRING 175 174 50.0 0.5 0.05
SPRING 176 206 50.0 0.5 0.05
SPRING 176 146 50.0 0.5 0.05
SPRING 176 178 50.0 0.5 0.05
SPRING 176 174 50.0 0.5 0.05
SPRING 176 177 50.0 0.5 0.05
SPRING 177 207 50.0 0.5 0.05
SPRING 177 147 50.0 0.5 0.05
SPRING 177 179 50.0 0.5 0.05
SPRING 177 175 50.0 0.5 0.05
SPRING 177 176 50.0 0.5 0.05
SPRING 178 208 50.0 0.5 0.05
SPRING 178 148 50.0 0.5 0.05
SPRING 178 176 50.0 0.5 0.05
SPRING 178 179 50.0 0.5 0.05
SPRING 179 209 50.0 0.5 0.05
SPRING 179 149 50.0 0.5 0.05
SPRING 179 177 50.0 0.5 0.05
SPRING 179 178 50.0 0.5 0.05
SPRING 180 210 50.0 0.5 0.05
SPRING 180 150 50.0 0.5 0.05
SPRING 180 182 50.0 0.5 0.05
SPRING 180 181 50.0 0.5 0.05
SPRING 181 211 50.0 0.5 0.05
SPRING 181 151 50.0 0.5 0.05
SPRING 181 183 50.0 0.5 0.05
SPRING 181 180 50.0 0.5 0.05
SPRING 182 212 50.0 0.5 0.05
SPRING 182 152 50.0 0.5 0.05
SPRING 182 184 50.0 0.5 0.05
SPRING 182 180 50.0 0.5 0.05
SPRING 182 183 50.0 0.5 0.05
SPRING 183 213 50.0 0.5 0.05
SPRING 183 153 50.0 0.5 0.05
SPRING 183 185 50.0 0.5 0.05
SPRING 183 181 50.0 0.5 0.05
SPRING 183 182 50.0 0.5 0.05
SPRING 184 214 50.0 0.5 0.05
SPRING 184 154 50.0 0.5 0.05
SPRING 184 186 50.0 0.5 0.05
SPRING 184 182 50.0 0.5 0.05
SPRING 184 185 50.0 0.5 0.05
SPRING 185 215 50.0 0.5 0.05
SPRING 185 155 50.0 0.5 0.05
SPRING 185 187 50.0 0.5 0.05
SPRING 185 183 50.0 0.5 0.05
SPRING 185 184 50.0 0.5 0.05
SPRING 186 216 50.0 0.5 0.05
SPRING 186 156 50.0 0.5 0.05
SPRING 186 188 50.0 0.5 0.05
SPRING 186 184 50.0 0.5 0.05
SPRING 186 187 50.0 0.5 0.05
SPRING 187 217 50.0 0.5 0.05
SPRING 187 157 50.0 0.5 0.05
SPRING 187 189 50.0 0.5 0.05
SPRING 187 185 50.0 0.5 0.05
SPRING 187 186 50.0 0.5 0.05
SPRING 188 218 50.0 0.5 0.05
SPRING 188 158 50.0 0.5 0.05
SPRING 188 190 50.0 0.5 0.05
SPRING 188 186 50.0 0.5 0.05
SPRING 188 189 50.0 0.5 0.05
SPRING 189 219 50.0 0.5 0.05
SPRING 189 159 50.0 0.5 0.05
SPRING 189 191 50.0 0.5 0.05
SPRING 189 187 50.0 0.5 0.05
SPRING 189 188 50.0 0.5 0.05
SPRING 190 220 50.0 0.5 0.05
SPRING 190 160 50.0 0.5 0.05
SPRING 190 192 50.0 0.5 0.05
SPRING 190 188 50.0 0.5 0.05
SPRING 190 191 50.0 0.5 0.05
SPRING 191 221 50.0 0.5 0.05
SPRING 191 161 50.0 0.5 0.05
SPRING 191 193 50.0 0.5 0.05
SPRING 191 189 50.0 0.5 0.05
SPRING 191 190 50.0 0.5 0.05
SPRING 192 222 50.0 0.5 0.05
SPRING 192 162 50.0 0.5 0.05
SPRING 192 194 50.0 0.5 0.05
SPRING 192 190 50.0 0.5 0.05
SPRING 192 193 50.0 0.5 0.05
SPRING 193 223 50.0 0.5 0.05
SPRING 193 163 50.0 0.5 0.05
SPRING 193 195 50.0 0.5 0.05
SPRING 193 191 50.0 0.5 0.05
SPRING 193 192 50.0 0.5 0.05
SPRING 194 224 50.0 0.5 0.05
SPRING 194 164 50.0 0.5 0.05
SPRING 194 196 50.0 0.5 0.05
SPRING 194 192 50.0 0.5 0.05
SPRING 194 195 50.0 0.5 0.05
SPRING 195 225 50.0 0.5 0.05
SPRING 195 165 50.0 0.5 0.05
SPRING 195 197 50.0 0.5 0.05
SPRING 195 193 50.0 0.5 0.05
SPRING 195 194 50.0 0.5 0.05
SPRING 196 226 50.0 0.5 0.05
SPRING 196 166 50.0 0.5 0.05
SPRING 196 198 50.0 0.5 0.05
SPRING 196 194 50.0 0.5 0.05
SPRING 196 197 50.0 0.5 0.05
SPRING 197 227 50.0 0.5 0.05
SPRING 197 167 50.0 0.5 0.05
SPRING 197 199 50.0 0.5 0.05
SPRING 197 195 50.0 0.5 0.05
SPRING 197 196 50.0 0.5 0.05
SPRING 198 228 50.0 0.5 0.05
SPRING 198 168 50.0 0.5 0.05
SPRING 198 200 50.0 0.5 0.05
SPRING 198 196 50.0 0.5 0.05
SPRING 198 199 50.0 0.5 0.05
SPRING 199 229 50.0 0.5 0.05
SPRING 199 169 50.0 0.5 0.05
SPRING 199 201 50.0 0.5 0.05
SPRING 199 197 50.0 0.5 0.05
SPRING 199 198 50.0 0.5 0.05
SPRING 200 230 50.0 0.5 0.05
SPRING 200 170 50.0 0.5 0.05
SPRING 200 202 50.0 0.5 0.05
SPRING 200 198 50.0 0.5 0.05
SPRING 200 201 50.0 0.5 0.05
SPRING 201 231 50.0 0.5 0.05
SPRING 201 171 50.0 0.5 0.05
SPRING 201 203 50.0 0.5 0.05
SPRING 201 199 50.0 0.5 0.05
SPRING 201 200 50.0 0.5 0.05
SPRING 202 232 50.0 0.5 0.05
SPRING 202 172 50.0 0.5 0.05
SPRING 202 204 50.0 0.5 0.05
SPRING 202 200 50.0 0.5 0.05
SPRING 202 203 50.0 0.5 0.05
SPRING 203 233 50.0 0.5 0.05
SPRING 203 173 50.0 0.5 0.05
SPRING 203 205 50.0 0.5 0.05
SPRING 203 201 50.0 0.5 0.05
SPRING 203 202 50.0 0.5 0.05
SPRING 204 234 50.0 0.5 0.05
SPRING 204 174 50.0 0.5 0.05
SPRING 204 206 50.0 0.5 0.05
SPRING 204 202 50.0 0.5 0.05
SPRING 204 205 50.0 0.5 0.05
SPRING 205 235 50.0 0.5 0.05
SPRING 205 175 50.0 0.5 0.05
SPRING 205 207 50.0 0.5 0.05
SPRING 205 203 50.0 0.5 0.05
SPRING 205 204 50.0 0.5 0.05
SPRING 206 236 50.0 0.5 0.05
SPRING 206 176 50.0 0.5 0.05
SPRING 206 208 50.0 0.5 0.05
SPRING 206 204 50.0 0.5 0.05
SPRING 206 207 50.0 0.5 0.05
SPRING 207 237 50.0 0.5 0.05
SPRING 207 177 50.0 0.5 0.05
SPRING 207 209 50.0 0.5 0.05
SPRING 207 205 50.0 0.5 0.05
SPRING 207 206 50.0 0.5 0.05
SPRING 208 238 50.0 0.5 0.05
SPRING 208 178 50.0 0.5 0.05
SPRING 208 206 50.0 0.5 0.05
SPRING 208 209 50.0 0.5 0.05
SPRING 209 239 50.0 0.5 0.05
SPRING 209 179 50.0 0.5 0.05
SPRING 209 207 50.0 0.5 0.05
SPRING 209 208 50.0 0.5 0.05
SPRING 210 240 50.0 0.5 0.05
SPRING 210 180 50.0 0.5 0.05
SPRING 210 212 50.0 0.5 0.05
SPRING 210 211 50.0 0.5 0.05
SPRING 211 241 50.0 0.5 0.05
SPRING 211 181 50.0 0.5 0.05
SPRING 211 213 50.0 0.5 0.05
SPRING 211 210 50.0 0.5 0.05
SPRING 212 242 50.0 0.5 0.05
SPRING 212 182 50.0 0.5 0.05
SPRING 212 214 50.0 0.5 0.05
SPRING 212 210 50.0 0.5 0.05
SPRING 212 213 50.0 0.5 0.05
SPRING 213 243 50.0 0.5 0.05
SPRING 213 183 50.0 0.5 0.05
SPRING 213 215 50.0 0.5 0.05
SPRING 213 211 50.0 0.5 0.05
SPRING 213 212 50.0 0.5 0.05
SPRING 214 244 50.0 0.5 0.05
SPRING 214 184 50.0 0.5 0.05
SPRING 214 216 50.0 0.5 0.05
SPRING 214 212 50.0 0.5 0.05
SPRING 214 215 50.0 0.5 0.05
SPRING 215 245 50.0 0.5 0.05
SPRING 215 185 50.0 0.5 0.05
SPRING 215 217 50.0 0.5 0.05
SPRING 215 213 50.0 0.5 0.05
SPRING 215 214 50.0 0.5 0.05
SPRING 216 246 50.0 0.5 0.05
SPRING 216 186 50.0 0.5 0.05
SPRING 216 218 50.0 0.5 0.05
SPRING 216 214 50.0 0.5 0.05
SPRING 216 217 50.0 0.5 0.05
SPRING 217 247 50.0 0.5 0.05
SPRING 217 187 50.0 0.5 0.05
SPRING 217 219 50.0 0.5 0.05
SPRING 217 215 50.0 0.5 0.05
SPRING 217 216 50.0 0.5 0.05
SPRING 218 248 50.0 0.5 0.05
SPRING 218 188 50.0 0.5 0.05
SPRING 218 220 50.0 0.5 0.05
SPRING 218 216 50.0 0.5 0.05
SPRING 218 219 50.0 0.5 0.05
SPRING 219 249 50.0 0.5 0.05
SPRING 219 189 50.0 0.5 0.05
SPRING 219 221 50.0 0.5 0.05
SPRING 219 217 50.0 0.5 0.05
SPRING 219 218 50.0 0.5 0.05
SPRING 220 250 50.0 0.5 0.05
SPRING 220 190 50.0 0.5 0.05
SPRING 220 222 50.0 0.5 0.05
SPRING 220 218 50.0 0.5 0.05
SPRING 220 221 50.0 0.5 0.05
SPRING 221 251 50.0 0.5 0.05
SPRING 221 191 50.0 0.5 0.05
SPRING 221 223 50.0 0.5 0.05
SPRING 221 219 50.0 0.5 0.05
SPRING 221 220 50.0 0.5 0.05
SPRING 222 252 50.0 0.5 0.05
SPRING 222 192 50.0 0.5 0.05
SPRING 222 224 50.0 0.5 0.05
SPRING 222 220 50.0 0.5 0.05
SPRING 222 223 50.0 0.5 0.05
SPRING 223 253 50.0 0.5 0.05
SPRING 223 193 50.0 0.5 0.05
SPRING 223 225 50.0 0.5 0.05
SPRING 223 221 50.0 0.5 0.05
SPRING 223 222 50.0 0.5 0.05
SPRING 224 254 50.0 0.5 0.05
SPRING 224 194 50.0 0.5 0.05
SPRING 224 226 50.0 0.5 0.05
SPRING 224 222 50.0 0.5 0.05
SPRING 224 225 50.0 0.5 0.05
SPRING 225 255 50.0 0.5 0.05
SPRING 225 195 50.0 0.5 0.05
SPRING 225 227 50.0 0.5 0.05
SPRING 225 223 50.0 0.5 0.05
SPRING 225 224 50.0 0.5 0.05
SPRING 226 256 50.0 0.5 0.05
SPRING 226 196 50.0 0.5 0.05
SPRING 226 228 50.0 0.5 0.05
SPRING 226 224 50.0 0.5 0.05
SPRING 226 227 50.0 0.5 0.05
SPRING 227 257 50.0 0.5 0.05
SPRING 227 197 50.0 0.5 0.05
SPRING 227 229 50.0 0.5 0.05
SPRING 227 225 50.0 0.5 0.05
SPRING 227 226 50.0 0.5 0.05
SPRING 228 258 50.0 0.5 0.05
SPRING 228 198 50.0 0.5 0.05
SPRING 228 230 50.0 0.5 0.05
SPRING 228 226 50.0 0.5 0.05
SPRING 228 229 50.0 0.5 0.05
SPRING 229 259 50.0 0.5 0.05
SPRING 229 199 50.0 0.5 0.05
SPRING 229 231 50.0 0.5 0.05
SPRING 229 227 50.0 0.5 0.05
SPRING 229 228 50.0 0.5 0.05
SPRING 230 260 50.0 0.5 0.05
SPRING 230 200 50.0 0.5 0.05
SPRING 230 232 50.0 0.5 0.05
SPRING 230 228 50.0 0.5 0.05
SPRING 230 231 50.0 0.5 0.05
SPRING 231 261 50.0 0.5 0.05
SPRING 231 201 50.0 0.5 0.05
SPRING 231 233 50.0 0.5 0.05
SPRING 231 229 50.0 0.5 0.05
SPRING 231 230 50.0 0.5 0.05
SPRING 232 262 50.0 0.5 0.05
SPRING 232 202 50.0 0.5 0.05
SPRING 232 234 50.0 0.5 0.05
SPRING 232 230 50.0 0.5 0.05
SPRING 232 233 50.0 0.5 0.05
SPRING 233 263 50.0 0.5 0.05
SPRING 233 203 50.0 0.5 0.05
SPRING 233 235 50.0 0.5 0.05
SPRING 233 231 50.0 0.5 0.05
SPRING 233 232 50.0 0.5 0.05
SPRING 234 264 50.0 0.5 0.05
SPRING 234 204 50.0 0.5 0.05
SPRING 234 236 50.0 0.5 0.05
SPRING 234 232 50.0 0.5 0.05
SPRING 234 235 50.0 0.5 0.05
SPRING 235 265 50.0 0.5 0.05
SPRING 235 205 50.0 0.5 0.05
SPRING 235 237 50.0 0.5 0.05
SPRING 235 233 50.0 0.5 0.05
SPRING 235 234 50.0 0.5 0.05
SPRING 236 266 50.0 0.5 0.05
SPRING 236 206 50.0 0.5 0.05
SPRING 236 238 50.0 0.5 0.05
SPRING 236 234 50.0 0.5 0.05
SPRING 236 237 50.0 0.5 0.05
SPRING 237 267 50.0 0.5 0.05
SPRING 237 207 50.0 0.5 0.05
SPRING 237 239 50.0 0.5 0.05
SPRING 237 235 50.0 0.5 0.05
SPRING 237 236 50.0 0.5 0.05
SPRING 238 268 50.0 0.5 0.05
SPRING 238 208 50.0 0.5 0.05
SPRING 238 236 50.0 0.5 0.05
SPRING 238 239 50.0 0.5 0.05
SPRING 239 269 50.0 0.5 0.05
SPRING 239 209 50.0 0.5 0.05
SPRING 239 237 50.0 0.5 0.05
SPRING 239 238 50.0 0.5 0.05
SPRING 240 270 50.0 0.5 0.05
SPRING 240 210 50.0 0.5 0.05
SPRING 240 242 50.0 0.5 0.05
SPRING 240 241 50.0 0.5 0.05
SPRING 241 271 50.0 0.5 0.05
SPRING 241 211 50.0 0.5 0.05
SPRING 241 243 50.0 0.5 0.05
SPRING 241 240 50.0 0.5 0.05
SPRING 242 272 50.0 0.5 0.05
SPRING 242 212 50.0 0.5 0.05
SPRING 242 244 50.0 0.5 0.05
SPRING 242 240 50.0 0.5 0.05
SPRING 242 243 50.0 0.5 0.05
SPRING 243 273 50.0 0.5 0.05
SPRING 243 213 50.0 0.5 0.05
SPRING 243 245 50.0 0.5 0.05
SPRING 243 241 50.0 0.5 0.05
SPRING 243 242 50.0 0.5 0.05
SPRING 244 274 50.0 0.5 0.05
SPRING 244 214 50.0 0.5 0.05
SPRING 244 246 50.0 0.5 0.05
SPRING 244 242 50.0 0.5 0.05
SPRING 244 245 50.0 0.5 0.05
SPRING 245 275 50.0 0.5 0.05
SPRING 245 215 50.0 0.5 0.05
SPRING 245 247 50.0 0.5 0.05
SPRING 245 243 50.0 0.5 0.05
SPRING 245 244 50.0 0.5 0.05
SPRING 246 276 50.0 0.5 0.05
SPRING 246 216 50.0 0.5 0.05
SPRING 246 248 50.0 0.5 0.05
SPRING 246 244 50.0 0.5 0.05
SPRING 246 247 50.0 0.5 0.05
SPRING 247 277 50.0 0.5 0.05
SPRING 247 217 50.0 0.5 0.05
SPRING 247 249 50.0 0.5 0.05
SPRING 247 245 50.0 0.5 0.05
SPRING 247 246 50.0 0.5 0.05
SPRING 248 278 50.0 0.5 0.05
SPRING 248 218 50.0 0.5 0.05
SPRING 248 250 50.0 0.5 0.05
SPRING 248 246 50.0 0.5 0.05
SPRING 248 249 50.0 0.5 0.05
SPRING 249 279 50.0 0.5 0.05
SPRING 249 219 50.0 0.5 0.05
SPRING 249 251 50.0 0.5 0.05
SPRING 249 247 50.0 0.5 0.05
SPRING 249 248 50.0 0.5 0.05
SPRING 250 280 50.0 0.5 0.05
SPRING 250 220 50.0 0.5 0.05
SPRING 250 252 50.0 0.5 0.05
SPRING 250 248 50.0 0.5 0.05
SPRING 250 251 50.0 0.5 0.05
SPRING 251 281 50.0 0.5 0.05
SPRING 251 221 50.0 0.5 0.05
SPRING 251 253 50.0 0.5 0.05
SPRING 251 249 50.0 0.5 0.05
SPRING 251 250 50.0 0.5 0.05
SPRING 252 282 50.0 0.5 0.05
SPRING 252 222 50.0 0.5 0.05
SPRING 252 254 50.0 0.5 0.05
SPRING 252 250 50.0 0.5 0.05
SPRING 252 253 50.0 0.5 0.05
SPRING 253 283 50.0 0.5 0.05
SPRING 253 223 50.0 0.5 0.05
SPRING 253 255 50.0 0.5 0.05
SPRING 253 251 50.0 0.5 0.05
SPRING 253 252 50.0 0.5 0.05
SPRING 254 284 50.0 0.5 0.05
SPRING 254 224 50.0 0.5 0.05
SPRING 254 256 50.0 0.5 0.05
SPRING 254 252 50.0 0.5 0.05
SPRING 254 255 50.0 0.5 0.05
SPRING 255 285 50.0 0.5 0.05
SPRING 255 225 50.0 0.5 0.05
SPRING 255 257 50.0 0.5 0.05
SPRING 255 253 50.0 0.5 0.05
SPRING 255 254 50.0 0.5 0.05
SPRING 256 286 50.0 0.5 0.05
SPRING 256 226 50.0 0.5 0.05
SPRING 256 258 50.0 0.5 0.05
SPRING 256 254 50.0 0.5 0.05
SPRING 256 257 50.0 0.5 0.05
SPRING 257 287 50.0 0.5 0.05
SPRING 257 227 50.0 0.5 0.05
SPRING 257 259 50.0 0.5 0.05
SPRING 257 255 50.0 0.5 0.05
SPRING 257 256 50.0 0.5 0.05
SPRING 258 288 50.0 0.5 0.05
SPRING 258 228 50.0 0.5 0.05
SPRING 258 260 50.0 0.5 0.05
SPRING 258 256 50.0 0.5 0.05
SPRING 258 259 50.0 0.5 0.05
SPRING 259 289 50.0 0.5 0.05
SPRING 259 229 50.0 0.5 0.05
SPRING 259 261 50.0 0.5 0.05
SPRING 259 257 50.0 0.5 0.05
SPRING 259 258 50.0 0.5 0.05
SPRING 260 290 50.0 0.5 0.05
SPRING 260 230 50.0 0.5 0.05
SPRING 260 262 50.0 0.5 0.05
SPRING 260 258 50.0 0.5 0.05
SPRING 260 261 50.0 0.5 0.05
SPRING 261 291 50.0 0.5 0.05
SPRING 261 231 50.0 0.5 0.05
SPRING 261 263 50.0 0.5 0.05
SPRING 261 259 50.0 0.5 0.05
SPRING 261 260 50.0 0.5 0.05
SPRING 262 292 50.0 0.5 0.05
SPRING 262 232 50.0 0.5 0.05
SPRING 262 264 50.0 0.5 0.05
SPRING 262 260 50.0 0.5 0.05
SPRING 262 263 50.0 0.5 0.05
SPRING 263 293 50.0 0.5 0.05
SPRING 263 233 50.0 0.5 0.05
SPRING 263 265 50.0 0.5 0.05
SPRING 263 261 50.0 0.5 0.05
SPRING 263 262 50.0 0.5 0.05
SPRING 264 294 50.0 0.5 0.05
SPRING 264 234 50.0 0.5 0.05
SPRING 264 266 50.0 0.5 0.05
SPRING 264 262 50.0 0.5 0.05
SPRING 264 265 50.0 0.5 0.05
SPRING 265 295 50.0 0.5 0.05
SPRING 265 235 50.0 0.5 0.05
SPRING 265 267 50.0 0.5 0.05
SPRING 265 263 50.0 0.5 0.05
SPRING 265 264 50.0 0.5 0.05
SPRING 266 296 50.0 0.5 0.05
SPRING 266 236 50.0 0.5 0.05
SPRING 266 268 50.0 0.5 0.05
SPRING 266 264 50.0 0.5 0.05
SPRING 266 267 50.0 0.5 0.05
SPRING 267 297 50.0 0.5 0.05
SPRING 267 237 50.0 0.5 0.05
SPRING 267 269 50.0 0.5 0.05
SPRING 267 265 50.0 0.5 0.05
SPRING 267 266 50.0 0.5 0.05
SPRING 268 298 50.0 0.5 0.05
SPRING 268 238 50.0 0.5 0.05
SPRING 268 266 50.0 0.5 0.05
SPRING 268 269 50.0 0.5 0.05
SPRING 269 299 50.0 0.5 0.05
SPRING 269 239 50.0 0.5 0.05
SPRING 269 267 50.0 0.5 0.05
SPRING 269 268 50.0 0.5 0.05
SPRING 270 300 50.0 0.5 0.05
SPRING 270 240 50.0 0.5 0.05
SPRING 270 272 50.0 0.5 0.05
SPRING 270 271 50.0 0.5 0.05
SPRING 271 301 50.0 0.5 0.05
SPRING 271 241 50.0 0.5 0.05
SPRING 271 273 50.0 0.5 0.05
SPRING 271 270 50.0 0.5 0.05
SPRING 272 302 50.0 0.5 0.05
SPRING 272 242 50.0 0.5 0.05
SPRING 272 274 50.0 0.5 0.05
SPRING 272 270 50.0 0.5 0.05
SPRING 272 273 50.0 0.5 0.05
SPRING 273 303 50.0 0.5 0.05
SPRING 273 243 50.0 0.5 0.05
SPRING 273 275 50.0 0.5 0.05
SPRING 273 271 50.0 0.5 0.05
SPRING 273 272 50.0 0.5 0.05
SPRING 274 304 50.0 0.5 0.05
SPRING 274 244 50.0 0.5 0.05
SPRING 274 276 50.0 0.5 0.05
SPRING 274 272 50.0 0.5 0.05
SPRING 274 275 50.0 0.5 0.05
SPRING 275 305 50.0 0.5 0.05
SPRING 275 245 50.0 0.5 0.05
SPRING 275 277 50.0 0.5 0.05
SPRING 275 273 50.0 0.5 0.05
SPRING 275 274 50.0 0.5 0.05
SPRING 276 306 50.0 0.5 0.05
SPRING 276 246 50.0 0.5 0.05
SPRING 276 278 50.0 0.5 0.05
SPRING 276 274 50.0 0.5 0.05
SPRING 276 277 50.0 0.5 0.05
SPRING 277 307 50.0 0.5 0.05
SPRING 277 247 50.0 0.5 0.05
SPRING 277 279 50.0 0.5 0.05
SPRING 277 275 50.0 0.5 0.05
SPRING 277 276 50.0 0.5 0.05
SPRING 278 308 50.0 0.5 0.05
SPRING 278 248 50.0 0.5 0.05
SPRING 278 280 50.0 0.5 0.05
SPRING 278 276 50.0 0.5 0.05
SPRING 278 279 50.0 0.5 0.05
SPRING 279 309 50.0 0.5 0.05
SPRING 279 249 50.0 0.5 0.05
SPRING 279 281 50.0 0.5 0.05
SPRING 279 277 50.0 0.5 0.05
SPRING 279 278 50.0 0.5 0.05
SPRING 280 310 50.0 0.5 0.05
SPRING 280 250 50.0 0.5 0.05
SPRING 280 282 50.0 0.5 0.05
SPRING 280 278 50.0 0.5 0.05
SPRING 280 281 50.0 0.5 0.05
SPRING 281 311 50.0 0.5 0.05
SPRING 281 251 50.0 0.5 0.05
SPRING 281 283 50.0 0.5 0.05
SPRING 281 279 50.0 0.5 0.05
SPRING 281 280 50.0 0.5 0.05
SPRING 282 312 50.0 0.5 0.05
SPRING 282 252 50.0 0.5 0.05
SPRING 282 284 50.0 0.5 0.05
SPRING 282 280 50.0 0.5 0.05
SPRING 282 283 50.0 0.5 0.05
SPRING 283 313 50.0 0.5 0.05
SPRING 283 253 50.0 0.5 0.05
SPRING 283 285 50.0 0.5 0.05
SPRING 283 281 50.0 0.5 0.05
SPRING 283 282 50.0 0.5 0.05
SPRING 284 314 50.0 0.5 0.05
SPRING 284 254 50.0 0.5 0.05
SPRING 284 286 50.0 0.5 0.05
SPRING 284 282 50.0 0.5 0.05
SPRING 284 285 50.0 0.5 0.05
SPRING 285 315 50.0 0.5 0.05
SPRING 285 255 50.0 0.5 0.05
SPRING 285 287 50.0 0.5 0.05
SPRING 285 283 50.0 0.5 0.05
SPRING 285 284 50.0 0.5 0.05
SPRING 286 316 50.0 0.5 0.05
SPRING 286 256 50.0 0.5 0.05
SPRING 286 288 50.0 0.5 0.05
SPRING 286 284 50.0 0.5 0.05
SPRING 286 287 50.0 0.5 0.05
SPRING 287 317 50.0 0.5 0.05
SPRING 287 257 50.0 0.5 0.05
SPRING 287 289 50.0 0.5 0.05
SPRING 287 285 50.0 0.5 0.05
SPRING 287 286 50.0 0.5 0.05
SPRING 288 318 50.0 0.5 0.05
SPRING 288 258 50.0 0.5 0.05
SPRING 288 290 50.0 0.5 0.05
SPRING 288 286 50.0 0.5 0.05
SPRING 288 289 50.0 0.5 0.05
SPRING 289 319 50.0 0.5 0.05
SPRING 289 259 50.0 0.5 0.05
SPRING 289 291 50.0 0.5 0.05
SPRING 289 287 50.0 0.5 0.05
SPRING 289 288 50.0 0.5 0.05
SPRING 290 320 50.0 0.5 0.05
SPRING 290 260 50.0 0.5 0.05
SPRING 290 292 50.0 0.5 0.05
SPRING 290 288 50.0 0.5 0.05
SPRING 290 291 50.0 0.5 0.05
SPRING 291 321 50.0 0.5 0.05
SPRING 291 261 50.0 0.5 0.05
SPRING 291 293 50.0 0.5 0.05
SPRING 291 289 50.0 0.5 0.05
SPRING 291 290 50.0 0.5 0.05
SPRING 292 322 50.0 0.5 0.05
SPRING 292 262 50.0 0.5 0.05
SPRING 292 294 50.0 0.5 0.05
SPRING 292 290 50.0 0.5 0.05
SPRING 292 293 50.0 0.5 0.05
SPRING 293 323 50.0 0.5 0.05
SPRING 293 263 50.0 0.5 0.05
SPRING 293 295 50.0 0.5 0.05
SPRING 293 291 50.0 0.5 0.05
SPRING 293 292 50.0 0.5 0.05
SPRING 294 324 50.0 0.5 0.05
SPRING 294 264 50.0 0.5 0.05
SPRING 294 296 50.0 0.5 0.05
SPRING 294 292 50.0 0.5 0.05
SPRING 294 295 50.0 0.5 0.05
SPRING 295 325 50.0 0.5 0.05
SPRING 295 265 50.0 0.5 0.05
SPRING 295 297 50.0 0.5 0.05
SPRING 295 293 50.0 0.5 0.05
SPRING 295 294 50.0 0.5 0.05
SPRING 296 326 50.0 0.5 0.05
SPRING 296 266 50.0 0.5 0.05
SPRING 296 298 50.0 0.5 0.05
SPRING 296 294 50.0 0.5 0.05
SPRING 296 297 50.0 0.5 0.05
SPRING 297 327 50.0 0.5 0.05
SPRING 297 267 50.0 0.5 0.05
SPRING 297 299 50.0 0.5 0.05
SPRING 297 295 50.0 0.5 0.05
SPRING 297 296 50.0 0.5 0.05
SPRING 298 328 50.0 0.5 0.05
SPRING 298 268 50.0 0.5 0.05
SPRING 298 296 50.0 0.5 0.05
SPRING 298 299 50.0 0.5 0.05
SPRING 299 329 50.0 0.5 0.05
SPRING 299 269 50.0 0.5 0.05
SPRING 299 297 50.0 0.5 0.05
SPRING 299 298 50.0 0.5 0.05
SPRING 300 330 50.0 0.5 0.05
SPRING 300 270 50.0 0.5 0.05
SPRING 300 302 50.0 0.5 0.05
SPRING 300 301 50.0 0.5 0.05
SPRING 301 331 50.0 0.5 0.05
SPRING 301 271 50.0 0.5 0.05
SPRING 301 303 50.0 0.5 0.05
SPRING 301 300 50.0 0.5 0.05
SPRING 302 332 50.0 0.5 0.05
SPRING 302 272 50.0 0.5 0.05
SPRING 302 304 50.0 0.5 0.05
SPRING 302 300 50.0 0.5 0.05
SPRING 302 303 50.0 0.5 0.05
SPRING 303 333 50.0 0.5 0.05
SPRING 303 273 50.0 0.5 0.05
SPRING 303 305 50.0 0.5 0.05
SPRING 303 301 50.0 0.5 0.05
SPRING 303 302 50.0 0.5 0.05
SPRING 304 334 50.0 0.5 0.05
SPRING 304 274 50.0 0.5 0.05
SPRING 304 306 50.0 0.5 0.05
SPRING 304 302 50.0 0.5 0.05
SPRING 304 305 50.0 0.5 0.05
SPRING 305 335 50.0 0.5 0.05
SPRING 305 275 50.0 0.5 0.05
SPRING 305 307 50.0 0.5 0.05
SPRING 305 303 50.0 0.5 0.05
SPRING 305 304 50.0 0.5 0.05
SPRING 306 336 50.0 0.5 0.05
SPRING 306 276 50.0 0.5 0.05
SPRING 306 308 50.0 0.5 0.05
SPRING 306 304 50.0 0.5 0.05
SPRING 306 307 50.0 0.5 0.05
SPRING 307 337 50.0 0.5 0.05
SPRING 307 277 50.0 0.5 0.05
SPRING 307 309 50.0 0.5 0.05
SPRING 307 305 50.0 0.5 0.05
SPRING 307 306 50.0 0.5 0.05
SPRING 308 338 50.0 0.5 0.05
SPRING 308 278 50.0 0.5 0.05
SPRING 308 310 50.0 0.5 0.05
SPRING 308 306 50.0 0.5 0.05
SPRING 308 309 50.0 0.5 0.05
SPRING 309 339 50.0 0.5 0.05
SPRING 309 279 50.0 0.5 0.05
SPRING 309 311 50.0 0.5 0.05
SPRING 309 307 50.0 0.5 0.05
SPRING 309 308 50.0 0.5 0.05
SPRING 310 340 50.0 0.5 0.05
SPRING 310 280 50.0 0.5 0.05
SPRING 310 312 50.0 0.5 0.05
SPRING 310 308 50.0 0.5 0.05
SPRING 310 311 50.0 0.5 0.05
SPRING 311 341 50.0 0.5 0.05
SPRING 311 281 50.0 0.5 0.05
SPRING 311 313 50.0 0.5 0.05
SPRING 311 309 50.0 0.5 0.05
SPRING 311 310 50.0 0.5 0.05
SPRING 312 342 50.0 0.5 0.05
SPRING 312 282 50.0 0.5 0.05
SPRING 312 314 50.0 0.5 0.05
SPRING 312 310 50.0 0.5 0.05
SPRING 312 313 50.0 0.5 0.05
SPRING 313 343 50.0 0.5 0.05
SPRING 313 283 50.0 0.5 0.05
SPRING 313 315 50.0 0.5 0.05
SPRING 313 311 50.0 0.5 0.05
SPRING 313 312 50.0 0.5 0.05
SPRING 314 344 50.0 0.5 0.05
SPRING 314 284 50.0 0.5 0.05
SPRING 314 316 50.0 0.5 0.05
SPRING 314 312 50.0 0.5 0.05
SPRING 314 315 50.0 0.5 0.05
SPRING 315 345 50.0 0.5 0.05
SPRING 315 285 50.0 0.5 0.05
SPRING 315 317 50.0 0.5 0.05
SPRING 315 313 50.0 0.5 0.05
SPRING 315 314 50.0 0.5 0.05
SPRING 316 346 50.0 0.5 0.05
SPRING 316 286 50.0 0.5 0.05
SPRING 316 318 50.0 0.5 0.05
SPRING 316 314 50.0 0.5 0.05
SPRING 316 317 50.0 0.5 0.05
SPRING 317 347 50.0 0.5 0.05
SPRING 317 287 50.0 0.5 0.05
SPRING 317 319 50.0 0.5 0.05
SPRING 317 315 50.0 0.5 0.05
SPRING 317 316 50.0 0.5 0.05
SPRING 318 348 50.0 0.5 0.05
SPRING 318 288 50.0 0.5 0.05
SPRING 318 320 50.0 0.5 0.05
SPRING 318 316 50.0 0.5 0.05
SPRING 318 319 50.0 0.5 0.05
SPRING 319 349 50.0 0.5 0.05
SPRING 319 289 50.0 0.5 0.05
SPRING 319 321 50.0 0.5 0.05
SPRING 319 317 50.0 0.5 0.05
SPRING 319 318 50.0 0.5 0.05
SPRING 320 350 50.0 0.5 0.05
SPRING 320 290 50.0 0.5 0.05
SPRING 320 322 50.0 0.5 0.05
SPRING 320 318 50.0 0.5 0.05
SPRING 320 321 50.0 0.5 0.05
SPRING 321 351 50.0 0.5 0.05
SPRING 321 291 50.0 0.5 0.05
SPRING 321 323 50.0 0.5 0.05
SPRING 321 319 50.0 0.5 0.05
SPRING 321 320 50.0 0.5 0.05
SPRING 322 352 50.0 0.5 0.05
SPRING 322 292 50.0 0.5 0.05
SPRING 322 324 50.0 0.5 0.05
SPRING 322 320 50.0 0.5 0.05
SPRING 322 323 50.0 0.5 0.05
SPRING 323 353 50.0 0.5 0.05
SPRING 323 293 50.0 0.5 0.05
SPRING 323 325 50.0 0.5 0.05
SPRING 323 321 50.0 0.5 0.05
SPRING 323 322 50.0 0.5 0.05
SPRING 324 354 50.0 0.5 0.05
SPRING 324 294 50.0 0.5 0.05
SPRING 324 326 50.0 0.5 0.05
SPRING 324 322 50.0 0.5 0.05
SPRING 324 325 50.0 0.5 0.05
SPRING 325 355 50.0 0.5 0.05
SPRING 325 295 50.0 0.5 0.05
SPRING 325 327 50.0 0.5 0.05
SPRING 325 323 50.0 0.5 0.05
SPRING 325 324 50.0 0.5 0.05
SPRING 326 356 50.0 0.5 0.05
SPRING 326 296 50.0 0.5 0.05
SPRING 326 328 50.0 0.5 0.05
SPRING 326 324 50.0 0.5 0.05
SPRING 326 327 50.0 0.5 0.05
SPRING 327 357 50.0 0.5 0.05
SPRING 327 297 50.0 0.5 0.05
SPRING 327 329 50.0 0.5 0.05
SPRING 327 325 50.0 0.5 0.05
SPRING 327 326 50.0 0.5 0.05
SPRING 328 358 50.0 0.5 0.05
SPRING 328 298 50.0 0.5 0.05
SPRING 328 326 50.0 0.5 0.05
SPRING 328 329 50.0 0.5 0.05
SPRING 329 359 50.0 0.5 0.05
SPRING 329 299 50.0 0.5 0.05
SPRING 329 327 50.0 0.5 0.05
SPRING 329 328 50.0 0.5 0.05
SPRING 330 360 50.0 0.5 0.05
SPRING 330 300 50.0 0.5 0.05
SPRING 330 332 50.0 0.5 0.05
SPRING 330 331 50.0 0.5 0.05
SPRING 331 361 50.0 0.5 0.05
SPRING 331 301 50.0 0.5 0.05
SPRING 331 333 50.0 0.5 0.05
SPRING 331 330 50.0 0.5 0.05
SPRING 332 362 50.0 0.5 0.05
SPRING 332 302 50.0 0.5 0.05
SPRING 332 334 50.0 0.5 0.05
SPRING 332 330 50.0 0.5 0.05
SPRING 332 333 50.0 0.5 0.05
SPRING 333 363 50.0 0.5 0.05
SPRING 333 303 50.0 0.5 0.05
SPRING 333 335 50.0 0.5 0.05
SPRING 333 331 50.0 0.5 0.05
SPRING 333 332 50.0 0.5 0.05
SPRING 334 364 50.0 0.5 0.05
SPRING 334 304 50.0 0.5 0.05
SPRING 334 336 50.0 0.5 0.05
SPRING 334 332 50.0 0.5 0.05
SPRING 334 335 50.0 0.5 0.05
SPRING 335 365 50.0 0.5 0.05
SPRING 335 305 50.0 0.5 0.05
SPRING 335 337 50.0 0.5 0.05
SPRING 335 333 50.0 0.5 0.05
SPRING 335 334 50.0 0.5 0.05
SPRING 336 366 50.0 0.5 0.05
SPRING 336 306 50.0 0.5 0.05
SPRING 336 338 50.0 0.5 0.05
SPRING 336 334 50.0 0.5 0.05
SPRING 336 337 50.0 0.5 0.05
SPRING 337 367 50.0 0.5 0.05
SPRING 337 307 50.0 0.5 0.05
SPRING 337 339 50.0 0.5 0.05
SPRING 337 335 50.0 0.5 0.05
SPRING 337 336 50.0 0.5 0.05
SPRING 338 368 50.0 0.5 0.05
SPRING 338 308 50.0 0.5 0.05
SPRING 338 340 50.0 0.5 0.05
SPRING 338 336 50.0 0.5 0.05
SPRING 338 339 50.0 0.5 0.05
SPRING 339 369 50.0 0.5 0.05
SPRING 339 309 50.0 0.5 0.05
SPRING 339 341 50.0 0.5 0.05
SPRING 339 337 50.0 0.5 0.05
SPRING 339 338 50.0 0.5 0.05
SPRING 340 370 50.0 0.5 0.05
SPRING 340 310 50.0 0.5 0.05
SPRING 340 342 50.0 0.5 0.05
SPRING 340 338 50.0 0.5 0.05
SPRING 340 341 50.0 0.5 0.05
SPRING 341 371 50.0 0.5 0.05
SPRING 341 311 50.0 0.5 0.05
SPRING 341 343 50.0 0.5 0.05
SPRING 341 339 50.0 0.5 0.05
SPRING 341 340 50.0 0.5 0.05
SPRING 342 372 50.0 0.5 0.05
SPRING 342 312 50.0 0.5 0.05
SPRING 342 344 50.0 0.5 0.05
SPRING 342 340 50.0 0.5 0.05
SPRING 342 343 50.0 0.5 0.05
SPRING 343 373 50.0 0.5 0.05
SPRING 343 313 50.0 0.5 0.05
SPRING 343 345 50.0 0.5 0.05
SPRING 343 341 50.0 0.5 0.05
SPRING 343 342 50.0 0.5 0.05
SPRING 344 374 50.0 0.5 0.05
SPRING 344 314 50.0 0.5 0.05
SPRING 344 346 50.0 0.5 0.05
SPRING 344 342 50.0 0.5 0.05
SPRING 344 345 50.0 0.5 0.05
SPRING 345 375 50.0 0.5 0.05
SPRING 345 315 50.0 0.5 0.05
SPRING 345 347 50.0 0.5 0.05
SPRING 345 343 50.0 0.5 0.05
SPRING 345 344 50.0 0.5 0.05
SPRING 346 376 50.0 0.5 0.05
SPRING 346 316 50.0 0.5 0.05
SPRING 346 348 50.0 0.5 0.05
SPRING 346 344 50.0 0.5 0.05
SPRING 346 347 50.0 0.5 0.05
SPRING 347 377 50.0 0.5 0.05
SPRING 347 317 50.0 0.5 0.05
SPRING 347 349 50.0 0.5 0.05
SPRING 347 345 50.0 0.5 0.05
SPRING 347 346 50.0 0.5 0.05
SPRING 348 378 50.0 0.5 0.05
SPRING 348 318 50.0 0.5 0.05
SPRING 348 350 50.0 0.5 0.05
SPRING 348 346 50.0 0.5 0.05
SPRING 348 349 50.0 0.5 0.05
SPRING 349 379 50.0 0.5 0.05
SPRING 349 319 50.0 0.5 0.05
SPRING 349 351 50.0 0.5 0.05
SPRING 349 347 50.0 0.5 0.05
SPRING 349 348 50.0 0.5 0.05
SPRING 350 380 50.0 0.5 0.05
SPRING 350 320 50.0 0.5 0.05
SPRING 350 352 50.0 0.5 0.05
SPRING 350 348 50.0 0.5 0.05
SPRING 350 351 50.0 0.5 0.05
SPRING 351 381 50.0 0.5 0.05
SPRING 351 321 50.0 0.5 0.05
SPRING 351 353 50.0 0.5 0.05
SPRING 351 349 50.0 0.5 0.05
SPRING 351 350 50.0 0.5 0.05
SPRING 352 382 50.0 0.5 0.05
SPRING 352 322 50.0 0.5 0.05
SPRING 352 354 50.0 0.5 0.05
SPRING 352 350 50.0 0.5 0.05
SPRING 352 353 50.0 0.5 0.05
SPRING 353 383 50.0 0.5 0.05
SPRING 353 323 50.0 0.5 0.05
SPRING 353 355 50.0 0.5 0.05
SPRING 353 351 50.0 0.5 0.05
SPRING 353 352 50.0 0.5 0.05
SPRING 354 384 50.0 0.5 0.05
SPRING 354 324 50.0 0.5 0.05
SPRING 354 356 50.0 0.5 0.05
SPRING 354 352 50.0 0.5 0.05
SPRING 354 355 50.0 0.5 0.05
SPRING 355 385 50.0 0.5 0.05
SPRING 355 325 50.0 0.5 0.05
SPRING 355 357 50.0 0.5 0.05
SPRING 355 353 50.0 0.5 0.05
SPRING 355 354 50.0 0.5 0.05
SPRING 356 386 50.0 0.5 0.05
SPRING 356 326 50.0 0.5 0.05
SPRING 356 358 50.0 0.5 0.05
SPRING 356 354 50.0 0.5 0.05
SPRING 356 357 50.0 0.5 0.05
SPRING 357 387 50.0 0.5 0.05
SPRING 357 327 50.0 0.5 0.05
SPRING 357 359 50.0 0.5 0.05
SPRING 357 355 50.0 0.5 0.05
SPRING 357 356 50.0 0.5 0.05
SPRING 358 388 50.0 0.5 0.05
SPRING 358 328 50.0 0.5 0.05
SPRING 358 356 50.0 0.5 0.05
SPRING 358 359 50.0 0.5 0.05
SPRING 359 389 50.0 0.5 0.05
SPRING 359 329 50.0 0.5 0.05
SPRING 359 357 50.0 0.5 0.05
SPRING 359 358 50.0 0.5 0.05
SPRING 360 390 50.0 0.5 0.05
SPRING 360 330 50.0 0.5 0.05
SPRING 360 362 50.0 0.5 0.05
SPRING 360 361 50.0 0.5 0.05
SPRING 361 391 50.0 0.5 0.05
SPRING 361 331 50.0 0.5 0.05
SPRING 361 363 50.0 0.5 0.05
SPRING 361 360 50.0 0.5 0.05
SPRING 362 392 50.0 0.5 0.05
SPRING 362 332 50.0 0.5 0.05
SPRING 362 364 50.0 0.5 0.05
SPRING 362 360 50.0 0.5 0.05
SPRING 362 363 50.0 0.5 0.05
SPRING 363 393 50.0 0.5 0.05
SPRING 363 333 50.0 0.5 0.05
SPRING 363 365 50.0 0.5 0.05
SPRING 363 361 50.0 0.5 0.05
SPRING 363 362 50.0 0.5 0.05
SPRING 364 394 50.0 0.5 0.05
SPRING 364 334 50.0 0.5 0.05
SPRING 364 366 50.0 0.5 0.05
SPRING 364 362 50.0 0.5 0.05
SPRING 364 365 50.0 0.5 0.05
SPRING 365 395 50.0 0.5 0.05
SPRING 365 335 50.0 0.5 0.05
SPRING 365 367 50.0 0.5 0.05
SPRING 365 363 50.0 0.5 0.05
SPRING 365 364 50.0 0.5 0.05
SPRING 366 396 50.0 0.5 0.05
SPRING 366 336 50.0 0.5 0.05
SPRING 366 368 50.0 0.5 0.05
SPRING 366 364 50.0 0.5 0.05
SPRING 366 367 50.0 0.5 0.05
SPRING 367 397 50.0 0.5 0.05
SPRING 367 337 50.0 0.5 0.05
SPRING 367 369 50.0 0.5 0.05
SPRING 367 365 50.0 0.5 0.05
SPRING 367 366 50.0 0.5 0.05
SPRING 368 398 50.0 0.5 0.05
SPRING 368 338 50.0 0.5 0.05
SPRING 368 370 50.0 0.5 0.05
SPRING 368 366 50.0 0.5 0.05
SPRING 368 369 50.0 0.5 0.05
SPRING 369 399 50.0 0.5 0.05
SPRING 369 339 50.0 0.5 0.05
SPRING 369 371 50.0 0.5 0.05
SPRING 369 367 50.0 0.5 0.05
SPRING 369 368 50.0 0.5 0.05
SPRING 370 400 50.0 0.5 0.05
SPRING 370 340 50.0 0.5 0.05
SPRING 370 372 50.0 0.5 0.05
SPRING 370 368 50.0 0.5 0.05
SPRING 370 371 50.0 0.5 0.05
SPRING 371 401 50.0 0.5 0.05
SPRING 371 341 50.0 0.5 0.05
SPRING 371 373 50.0 0.5 0.05
SPRING 371 369 50.0 0.5 0.05
SPRING 371 370 50.0 0.5 0.05
SPRING 372 402 50.0 0.5 0.05
SPRING 372 342 50.0 0.5 0.05
SPRING 372 374 50.0 0.5 0.05
SPRING 372 370 50.0 0.5 0.05
SPRING 372 373 50.0 0.5 0.05
SPRING 373 403 50.0 0.5 0.05
SPRING 373 343 50.0 0.5 0.05
SPRING 373 375 50.0 0.5 0.05
SPRING 373 371 50.0 0.5 0.05
SPRING 373 372 50.0 0.5 0.05
SPRING 374 404 50.0 0.5 0.05
SPRING 374 344 50.0 0.5 0.05
SPRING 374 376 50.0 0.5 0.05
SPRING 374 372 50.0 0.5 0.05
SPRING 374 375 50.0 0.5 0.05
SPRING 375 405 50.0 0.5 0.05
SPRING 375 345 50.0 0.5 0.05
SPRING 375 377 50.0 0.5 0.05
SPRING 375 373 50.0 0.5 0.05
SPRING 375 374 50.0 0.5 0.05
SPRING 376 406 50.0 0.5 0.05
SPRING 376 346 50.0 0.5 0.05
SPRING 376 378 50.0 0.5 0.05
SPRING 376 374 50.0 0.5 0.05
SPRING 376 377 50.0 0.5 0.05
SPRING 377 407 50.0 0.5 0.05
SPRING 377 347 50.0 0.5 0.05
SPRING 377 379 50.0 0.5 0.05
SPRING 377 375 50.0 0.5 0.05
SPRING 377 376 50.0 0.5 0.05
SPRING 378 408 50.0 0.5 0.05
SPRING 378 348 50.0 0.5 0.05
SPRING 378 380 50.0 0.5 0.05
SPRING 378 376 50.0 0.5 0.05
SPRING 378 379 50.0 0.5 0.05
SPRING 379 409 50.0 0.5 0.05
SPRING 379 349 50.0 0.5 0.05
SPRING 379 381 50.0 0.5 0.05
SPRING 379 377 50.0 0.5 0.05
SPRING 379 378 50.0 0.5 0.05
SPRING 380 410 50.0 0.5 0.05
SPRING 380 350 50.0 0.5 0.05
SPRING 380 382 50.0 0.5 0.05
SPRING 380 378 50.0 0.5 0.05
SPRING 380 381 50.0 0.5 0.05
SPRING 381 411 50.0 0.5 0.05
SPRING 381 351 50.0 0.5 0.05
SPRING 381 383 50.0 0.5 0.05
SPRING 381 379 50.0 0.5 0.05
SPRING 381 380 50.0 0.5 0.05
SPRING 382 412 50.0 0.5 0.05
SPRING 382 352 50.0 0.5 0.05
SPRING 382 384 50.0 0.5 0.05
SPRING 382 380 50.0 0.5 0.05
SPRING 382 383 50.0 0.5 0.05
SPRING 383 413 50.0 0.5 0.05
SPRING 383 353 50.0 0.5 0.05
SPRING 383 385 50.0 0.5 0.05
SPRING 383 381 50.0 0.5 0.05
SPRING 383 382 50.0 0.5 0.05
SPRING 384 414 50.0 0.5 0.05
SPRING 384 354 50.0 0.5 0.05
SPRING 384 386 50.0 0.5 0.05
SPRING 384 382 50.0 0.5 0.05
SPRING 384 385 50.0 0.5 0.05
SPRING 385 415 50.0 0.5 0.05
SPRING 385 355 50.0 0.5 0.05
SPRING 385 387 50.0 0.5 0.05
SPRING 385 383 50.0 0.5 0.05
SPRING 385 384 50.0 0.5 0.05
SPRING 386 416 50.0 0.5 0.05
SPRING 386 356 50.0 0.5 0.05
SPRING 386 388 50.0 0.5 0.05
SPRING 386 384 50.0 0.5 0.05
SPRING 386 387 50.0 0.5 0.05
SPRING 387 417 50.0 0.5 0.05
SPRING 387 357 50.0 0.5 0.05
SPRING 387 389 50.0 0.5 0.05
SPRING 387 385 50.0 0.5 0.05
SPRING 387 386 50.0 0.5 0.05
SPRING 388 418 50.0 0.5 0.05
SPRING 388 358 50.0 0.5 0.05
SPRING 388 386 50.0 0.5 0.05
SPRING 388 389 50.0 0.5 0.05
SPRING 389 419 50.0 0.5 0.05
SPRING 389 359 50.0 0.5 0.05
SPRING 389 387 50.0 0.5 0.05
SPRING 389 388 50.0 0.5 0.05
SPRING 390 420 50.0 0.5 0.05
SPRING 390 360 50.0 0.5 0.05
SPRING 390 392 50.0 0.5 0.05
SPRING 390 391 50.0 0.5 0.05
SPRING 391 421 50.0 0.5 0.05
SPRING 391 361 50.0 0.5 0.05
SPRING 391 393 50.0 0.5 0.05
SPRING 391 390 50.0 0.5 0.05
SPRING 392 422 50.0 0.5 0.05
SPRING 392 362 50.0 0.5 0.05
SPRING 392 394 50.0 0.5 0.05
SPRING 392 390 50.0 0.5 0.05
SPRING 392 393 50.0 0.5 0.05
SPRING 393 423 50.0 0.5 0.05
SPRING 393 363 50.0 0.5 0.05
SPRING 393 395 50.0 0.5 0.05
SPRING 393 391 50.0 0.5 0.05
SPRING 393 392 50.0 0.5 0.05
SPRING 394 424 50.0 0.5 0.05
SPRING 394 364 50.0 0.5 0.05
SPRING 394 396 50.0 0.5 0.05
SPRING 394 392 50.0 0.5 0.05
SPRING 394 395 50.0 0.5 0.05
SPRING 395 425 50.0 0.5 0.05
SPRING 395 365 50.0 0.5 0.05
SPRING 395 397 50.0 0.5 0.05
SPRING 395 393 50.0 0.5 0.05
SPRING 395 394 50.0 0.5 0.05
SPRING 396 426 50.0 0.5 0.05
SPRING 396 366 50.0 0.5 0.05
SPRING 396 398 50.0 0.5 0.05
SPRING 396 394 50.0 0.5 0.05
SPRING 396 397 50.0 0.5 0.05
SPRING 397 427 50.0 0.5 0.05
SPRING 397 367 50.0 0.5 0.05
SPRING 397 399 50.0 0.5 0.05
SPRING 397 395 50.0 0.5 0.05
SPRING 397 396 50.0 0.5 0.05
SPRING 398 428 50.0 0.5 0.05
SPRING 398 368 50.0 0.5 0.05
SPRING 398 400 50.0 0.5 0.05
SPRING 398 396 50.0 0.5 0.05
SPRING 398 399 50.0 0.5 0.05
SPRING 399 429 50.0 0.5 0.05
SPRING 399 369 50.0 0.5 0.05
SPRING 399 401 50.0 0.5 0.05
SPRING 399 397 50.0 0.5 0.05
SPRING 399 398 50.0 0.5 0.05
SPRING 400 430 50.0 0.5 0.05
SPRING 400 370 50.0 0.5 0.05
SPRING 400 402 50.0 0.5 0.05
SPRING 400 398 50.0 0.5 0.05
SPRING 400 401 50.0 0.5 0.05
SPRING 401 431 50.0 0.5 0.05
SPRING 401 371 50.0 0.5 0.05
SPRING 401 403 50.0 0.5 0.05
SPRING 401 399 50.0 0.5 0.05
SPRING 401 400 50.0 0.5 0.05
SPRING 402 432 50.0 0.5 0.05
SPRING 402 372 50.0 0.5 0.05
SPRING 402 404 50.0 0.5 0.05
SPRING 402 400 50.0 0.5 0.05
SPRING 402 403 50.0 0.5 0.05
SPRING 403 433 50.0 0.5 0.05
SPRING 403 373 50.0 0.5 0.05
SPRING 403 405 50.0 0.5 0.05
SPRING 403 401 50.0 0.5 0.05
SPRING 403 402 50.0 0.5 0.05
SPRING 404 434 50.0 0.5 0.05
SPRING 404 374 50.0 0.5 0.05
SPRING 404 406 50.0 0.5 0.05
SPRING 404 402 50.0 0.5 0.05
SPRING 404 405 50.0 0.5 0.05
SPRING 405 435 50.0 0.5 0.05
SPRING 405 375 50.0 0.5 0.05
SPRING 405 407 50.0 0.5 0.05
SPRING 405 403 50.0 0.5 0.05
SPRING 405 404 50.0 0.5 0.05
SPRING 406 436 50.0 0.5 0.05
SPRING 406 376 50.0 0.5 0.05
SPRING 406 408 50.0 0.5 0.05
SPRING 406 404 50.0 0.5 0.05
SPRING 406 407 50.0 0.5 0.05
SPRING 407 437 50.0 0.5 0.05
SPRING 407 377 50.0 0.5 0.05
SPRING 407 409 50.0 0.5 0.05
SPRING 407 405 50.0 0.5 0.05
SPRING 407 406 50.0 0.5 0.05
SPRING 408 438 50.0 0.5 0.05
SPRING 408 378 50.0 0.5 0.05
SPRING 408 410 50.0 0.5 0.05
SPRING 408 406 50.0 0.5 0.05
SPRING 408 409 50.0 0.5 0.05
SPRING 409 439 50.0 0.5 0.05
SPRING 409 379 50.0 0.5 0.05
SPRING 409 411 50.0 0.5 0.05
SPRING 409 407 50.0 0.5 0.05
SPRING 409 408 50.0 0.5 0.05
SPRING 410 440 50.0 0.5 0.05
SPRING 410 380 50.0 0.5 0.05
SPRING 410 412 50.0 0.5 0.05
SPRING 410 408 50.0 0.5 0.05
SPRING 410 411 50.0 0.5 0.05
SPRING 411 441 50.0 0.5 0.05
SPRING 411 381 50.0 0.5 0.05
SPRING 411 413 50.0 0.5 0.05
SPRING 411 409 50.0 0.5 0.05
SPRING 411 410 50.0 0.5 0.05
SPRING 412 442 50.0 0.5 0.05
SPRING 412 382 50.0 0.5 0.05
SPRING 412 414 50.0 0.5 0.05
SPRING 412 410 50.0 0.5 0.05
SPRING 412 413 50.0 0.5 0.05
SPRING 413 443 50.0 0.5 0.05
SPRING 413 383 50.0 0.5 0.05
SPRING 413 415 50.0 0.5 0.05
SPRING 413 411 50.0 0.5 0.05
SPRING 413 412 50.0 0.5 0.05
SPRING 414 444 50.0 0.5 0.05
SPRING 414 384 50.0 0.5 0.05
SPRING 414 416 50.0 0.5 0.05
SPRING 414 412 50.0 0.5 0.05
SPRING 414 415 50.0 0.5 0.05
SPRING 415 445 50.0 0.5 0.05
SPRING 415 385 50.0 0.5 0.05
SPRING 415 417 50.0 0.5 0.05
SPRING 415 413 50.0 0.5 0.05
SPRING 415 414 50.0 0.5 0.05
SPRING 416 446 50.0 0.5 0.05
SPRING 416 386 50.0 0.5 0.05
SPRING 416 418 50.0 0.5 0.05
SPRING 416 414 50.0 0.5 0.05
SPRING 416 417 50.0 0.5 0.05
SPRING 417 447 50.0 0.5 0.05
SPRING 417 387 50.0 0.5 0.05
SPRING 417 419 50.0 0.5 0.05
SPRING 417 415 50.0 0.5 0.05
SPRING 417 416 50.0 0.5 0.05
SPRING 418 448 50.0 0.5 0.05
SPRING 418 388 50.0 0.5 0.05
SPRING 418 416 50.0 0.5 0.05
SPRING 418 419 50.0 0.5 0.05
SPRING 419 449 50.0 0.5 0.05
SPRING 419 389 50.0 0.5 0.05
SPRING 419 417 50.0 0.5 0.05
SPRING 419 418 50.0 0.5 0.05
SPRING 420 390 50.0 0.5 0.05
SPRING 420 422 50.0 0.5 0.05
SPRING 420 421 50.0 0.5 0.05
SPRING 421 391 50.0 0.5 0.05
SPRING 421 423 50.0 0.5 0.05
SPRING 421 420 50.0 0.5 0.05
SPRING 422 392 50.0 0.5 0.05
SPRING 422 424 50.0 0.5 0.05
SPRING 422 420 50.0 0.5 0.05
SPRING 422 423 50.0 0.5 0.05
SPRING 423 393 50.0 0.5 0.05
SPRING 423 425 50.0 0.5 0.05
SPRING 423 421 50.0 0.5 0.05
SPRING 423 422 50.0 0.5 0.05
SPRING 424 394 50.0 0.5 0.05
SPRING 424 426 50.0 0.5 0.05
SPRING 424 422 50.0 0.5 0.05
SPRING 424 425 50.0 0.5 0.05
SPRING 425 395 50.0 0.5 0.05
SPRING 425 427 50.0 0.5 0.05
SPRING 425 423 50.0 0.5 0.05
SPRING 425 424 50.0 0.5 0.05
SPRING 426 396 50.0 0.5 0.05
SPRING 426 428 50.0 0.5 0.05
SPRING 426 424 50.0 0.5 0.05
SPRING 426 427 50.0 0.5 0.05
SPRING 427 397 50.0 0.5 0.05
SPRING 427 429 50.0 0.5 0.05
SPRING 427 425 50.0 0.5 0.05
SPRING 427 426 50.0 0.5 0.05
SPRING 428 398 50.0 0.5 0.05
SPRING 428 430 50.0 0.5 0.05
SPRING 428 426 50.0 0.5 0.05
SPRING 428 429 50.0 0.5 0.05
SPRING 429 399 50.0 0.5 0.05
SPRING 429 431 50.0 0.5 0.05
SPRING 429 427 50.0 0.5 0.05
SPRING 429 428 50.0 0.5 0.05
SPRING 430 400 50.0 0.5 0.05
SPRING 430 432 50.0 0.5 0.05
SPRING 430 428 50.0 0.5 0.05
SPRING 430 431 50.0 0.5 0.05
SPRING 431 401 50.0 0.5 0.05
SPRING 431 433 50.0 0.5 0.05
SPRING 431 429 50.0 0.5 0.05
SPRING 431 430 50.0 0.5 0.05
SPRING 432 402 50.0 0.5 0.05
SPRING 432 434 50.0 0.5 0.05
SPRING 432 430 50.0 0.5 0.05
SPRING 432 433 50.0 0.5 0.05
SPRING 433 403 50.0 0.5 0.05
SPRING 433 435 50.0 0.5 0.05
SPRING 433 431 50.0 0.5 0.05
SPRING 433 432 50.0 0.5 0.05
SPRING 434 404 50.0 0.5 0.05
SPRING 434 436 50.0 0.5 0.05
SPRING 434 432 50.0 0.5 0.05
SPRING 434 435 50.0 0.5 0.05
SPRING 435 405 50.0 0.5 0.05
SPRING 435 437 50.0 0.5 0.05
SPRING 435 433 50.0 0.5 0.05
SPRING 435 434 50.0 0.5 0.05
SPRING 436 406 50.0 0.5 0.05
SPRING 436 438 50.0 0.5 0.05
SPRING 436 434 50.0 0.5 0.05
SPRING 436 437 50.0 0.5 0.05
SPRING 437 407 50.0 0.5 0.05
SPRING 437 439 50.0 0.5 0.05
SPRING 437 435 50.0 0.5 0.05
SPRING 437 436 50.0 0.5 0.05
SPRING 438 408 50.0 0.5 0.05
SPRING 438 440 50.0 0.5 0.05
SPRING 438 436 50.0 0.5 0.05
SPRING 438 439 50.0 0.5 0.05
SPRING 439 409 50.0 0.5 0.05
SPRING 439 441 50.0 0.5 0.05
SPRING 439 437 50.0 0.5 0.05
SPRING 439 438 50.0 0.5 0.05
SPRING 440 410 50.0 0.5 0.05
SPRING 440 442 50.0 0.5 0.05
SPRING 440 438 50.0 0.5 0.05
SPRING 440 441 50.0 0.5 0.05
SPRING 441 411 50.0 0.5 0.05
SPRING 441 443 50.0 0.5 0.05
SPRING 441 439 50.0 0.5 0.05
SPRING 441 440 50.0 0.5 0.05
SPRING 442 412 50.0 0.5 0.05
SPRING 442 444 50.0 0.5 0.05
SPRING 442 440 50.0 0.5 0.05
SPRING 442 443 50.0 0.5 0.05
SPRING 443 413 50.0 0.5 0.05
SPRING 443 445 50.0 0.5 0.05
SPRING 443 441 50.0 0.5 0.05
SPRING 443 442 50.0 0.5 0.05
SPRING 444 414 50.0 0.5 0.05
SPRING 444 446 50.0 0.5 0.05
SPRING 444 442 50.0 0.5 0.05
SPRING 444 445 50.0 0.5 0.05
SPRING 445 415 50.0 0.5 0.05
SPRING 445 447 50.0 0.5 0.05
SPRING 445 443 50.0 0.5 0.05
SPRING 445 444 50.0 0.5 0.05
SPRING 446 416 50.0 0.5 0.05
SPRING 446 448 50.0 0.5 0.05
SPRING 446 444 50.0 0.5 0.05
SPRING 446 447 50.0 0.5 0.05
SPRING 447 417 50.0 0.5 0.05
SPRING 447 449 50.0 0.5 0.05
SPRING 447 445 50.0 0.5 0.05
SPRING 447 446 50.0 0.5 0.05
SPRING 448 418 50.0 0.5 0.05
SPRING 448 446 50.0 0.5 0.05
SPRING 448 449 50.0 0.5 0.05
SPRING 449 419 50.0 0.5 0.05
SPRING 449 447 50.0 0.5 0.05
SPRING 449 448 50.0 0.5 0.05
